#time,Werra-Meissner-Kreis,Kassel-City,Kassel,Waldeck-Frankenberg,Hersfeld-Rotenburg,Schwalm-Eder-Kreis,Fulda,Marburg-Biedenkopf,Lahn-Dill-Kreis,Limburg-Weilburg,Giessen,Vogelsbergkreis,Main-Kinzig-Kreis,Wetteraukreis,Rheingau-Taunus-Kreis,Hochtaunuskreis,Wiesbaden,Main-Taunus-Kreis,Frankfurt-am-Main,Offenbach-am-Main,Offenbach,Gross-Gerau,Darmstadt,Darmstadt-Dieburg,Odenwaldkreis,Bergstrasse
0,0.014494,-0.037472,-0.00664201,0.070192,0.001904,-0.01472,0.111257,0.034602,0.0714,0.015273,0.102149,0.015998,-0.21053199,-0.12389899,-0.032986,-0.11354,-0.127705,-0.00563199,0.051504,-0.034624,0.121794,-0.033774,0.049218,-0.140538,0.031558,0.057555
0.12,0.11454,0.163576,0.23036499,0.070192,0.001904,0.16512,0.33428,0.526408,0.324773,0.359855,0.373816,0.015998,0.63284601,0.18645401,0.154447,0.361022,0.708122,0.47289601,3.10792,0.358052,0.478336,0.51784,0.367566,0.752565,0.031558,0.057555
0.36,0.214586,0.565672,0.46737199,0.22672,0.122208,0.34496,0.780326,1.51002,0.831519,0.876728,1.460484,0.121504,2.31960201,0.80716001,0.529313,0.85140273,2.379776,1.66921601,9.220752,1.274296,1.19142,1.896875,1.004262,1.943369,0.031558,0.32857
0.84,0.514724,1.369864,0.94138599,0.696304,0.362816,0.70464,1.672418,3.477244,1.591638,2.082765,3.63382,0.332516,4.87832509,2.04857201,1.279045,2.25927,5.723084,4.06185601,22.21052,2.845,2.97413,4.654945,2.436828,4.920379,0.128312,0.599585
1.8,1.115,2.978248,1.88941399,1.478944,0.723728,1.424,3.679625,7.411692,3.618622,4.494839,7.708825,0.75454,11.17507101,4.53139601,2.965942,4.869361,12.63765282,8.84713601,49.718264,6.248192,6.183008,9.895278,5.142786,10.874399,0.32182,1.42811657
3.72,2.415598,6.396064,4.02247699,3.20185431,1.565856,3.21557063,7.95618884,16.02341998,7.93895648,9.663569,16.945503,1.598588,24.14022094,9.55290755,6.34866138,10.45337387,27.175977,19.32689921,107.026064,13.578144,13.67039,21.66304333,11.191398,23.377841,0.7814015,3.309735
7.56,5.413272593,14.236936,8.98909035,7.12938434,3.60424631,7.12879797,17.953097,35.93644,17.82700023,21.47910442,37.592195,3.60549561,53.72277638,21.61322513,14.38150424,23.40891647,60.609057,43.01403521,238.929517,30.299597,30.427864,48.232451,25.039536,51.957137,1.7392661,7.158148
12.4985619826,9.925717734,26.500864,16.61544893,13.37948124,6.618624,13.22286987,33.15778784,66.67943798,33.263263,39.814494,69.920568,6.67663765,99.31521928,39.94888037,26.57803731,43.4037954,112.58229954,79.74105921,442.945285,56.18349,56.45543,89.4655975,46.5121086,96.41381967,3.2534662,13.36826314
17.9682097855,16.226392489,43.187848,27.07009104,21.69640913,10.82079189,21.49095696,54.11412447,108.51880884,54.26723502,64.93270821,113.930622,10.89917126,162.07540757,65.14333691,43.28635045,70.72274787,183.34898554,129.91472001,721.174654,91.491607,91.87193533,145.74554811,75.7523724,157.14482367,5.2756248,21.83167443
23.4572834546,24.029980489,64.08137477,40.11600968,32.18598975,15.99894715,31.87614784,80.1999901,160.8807789,80.38414425,96.12644716,168.807356,16.11254383,240.05213621,96.50761109,64.1137269,104.764662,271.33877336,192.36262401,1066.740688,135.340427,136.08314333,215.61665478,112.1395488,232.73606925,7.8541189,32.18444743
28.5753845539,33.031897245,87.92876062,55.07115138,44.23864575,21.99381408,43.72965265,110.0850721,220.87598792,110.30814523,131.95390721,231.8341,22.15161552,329.44305694,132.52718027,88.1051509,143.78947713,372.19523136,264.02219201,1462.5465600001,185.635678,186.83095466,295.98375006,153.9545586,319.41667708,10.7519012,44.34914929
33.2081732492,42.840110652,114.157792,71.62214022,57.41235087,28.51903527,56.70545012,142.90857994,286.94705023,143.31160266,171.33600263,301.09107387,28.78473187,427.62512123,172.24615721,114.36808436,186.7689756,482.85366054,342.66826881,1896.366606,240.773933,242.51093033,384.0274735,199.8285054,414.65618867,14.0173487,57.458532
37.3995684605,53.539845081,142.50556,89.41346568,71.80190378,35.61697127,70.84906936,178.56095847,358.26916619,179.03719566,213.89187963,376.0621103,35.96143348,533.51194385,215.12452769,142.85790036,233.24441413,602.35159345,427.67876801,2364.1892800001,300.264347,302.76652833,479.1808885,249.395289,517.63592625,17.4908173,71.81458371
41.2365131854,65.045135082,173.15764739,108.65843408,87.30368733,43.30287189,86.01254076,216.93265252,435.44684734,217.6148591,259.8482369,457.00076517,43.70465644,648.15417368,261.45402353,173.61476312,283.45307373,731.19559191,519.34080641,2868.0203550001,364.401427,367.8057315,581.76576989,302.9414226,628.72801608,21.2545479,87.30115514
44.8008741085,77.550885082,206.39242831,129.5440176,104.07422952,51.60723673,102.52139746,258.46579542,519.05899031,259.48637153,309.63126795,544.8759841,52.13825561,772.14503423,311.77465895,206.87073255,337.94861007,870.70271664,618.73107201,3412.826507,433.80691,438.311912,692.90066828,360.9444282,749.19768742,25.3278913,103.92598957
48.1578121803,91.157882163,242.59653354,152.3203903,122.40233555,60.64189769,120.50084455,303.92727326,610.23265054,305.14548548,363.893865,640.53899037,61.2897543,907.39999416,366.56437757,243.255048,397.30049753,1022.34199691,726.92625281,4004.625055,509.233425,515.20613666,813.91865083,424.088754,880.38459475,29.783413,122.339523
51.3566849914,106.066218326,282.26485047,177.39836432,142.45776113,70.61526873,140.25365063,353.66531494,710.14611323,355.31333948,423.30705616,745.33000783,71.40686226,1055.3770968,426.76044545,283.04439629,462.42622267,1188.26632045,845.31408001,4650.7705,591.695385,599.43918416,946.30601083,493.2021048,1023.87647675,34.6936785,142.42560614
54.4346292992,122.475244489,325.95412739,204.9122436,164.68253251,81.56293273,161.96648506,408.34898947,820.02889338,410.39273164,488.60534516,860.7160383,82.50792835,1218.10616718,493.00839683,326.93495712,534.1009034,1370.37529409,975.44976961,5359.094908,682.17448,692.05096866,1091.77888072,569.2076898,1181.75724042,40.0344993,164.46299729
57.4198539099,140.678428919,374.22111262,235.29917442,189.12956056,93.62552676,185.90569316,468.81169857,941.38202388,471.44263115,560.86781774,988.11880573,94.79020291,1397.69565028,566.25791189,375.36407417,613.27366373,1571.07508645,1118.98424321,6138.289962,781.881461,794.46765816,1252.09936078,653.0446356,1355.887517,46.0235719,188.89306371
60,158.381383348,421.21994893,264.96718399,213.07613994,105.41362434,209.26895797,527.69368326,1059.51280048,530.79038384,631.02652653,1112.15290237,106.75366587,1572.58222894,637.51496069,422.61504093,690.35835127,1765.974746,1258.47515521,6893.893305,878.643372,894.0617235,1408.06821928,734.637228,1525.20496075,51.7562464,212.78884343
