day,Werra-Meissner-Kreis,Kassel-City,Kassel,Waldeck-Frankenberg,Hersfeld-Rotenburg,Schwalm-Eder-Kreis,Fulda,Marburg-Biedenkopf,Lahn-Dill-Kreis,Limburg-Weilburg,Giessen,Vogelsbergkreis,Main-Kinzig-Kreis,Wetteraukreis,Rheingau-Taunus-Kreis,Hochtaunuskreis,Wiesbaden,Main-Taunus-Kreis,Frankfurt-am-Main,Offenbach-am-Main,Offenbach,Gross-Gerau,Darmstadt,Darmstadt-Dieburg,Odenwaldkreis,Bergstrasse
0,0,0,0,0,0,0,0,0,0,0,0,0,0,0,0,0,0,0,0,0,0,0,0,0,0,0
1,0,4,8,0,0,0,11,1,0,0,2,0,10,8,1,6,3,20,9,3,15,17,0,2,0,8
2,0,6,10,2,0,2,14,10,0,1,7,2,14,10,4,8,9,24,22,7,25,26,0,6,1,9
3,0,9,11,2,0,2,16,13,3,4,18,2,17,13,7,13,23,29,44,10,29,44,4,7,1,11
4,1,10,14,3,1,3,19,15,3,9,25,3,23,13,7,23,29,35,65,12,33,57,5,9,1,16
5,1,12,15,5,2,4,25,19,9,11,27,3,35,15,9,30,37,44,90,19,39,70,6,15,1,20
6,1,17,18,6,2,4,25,22,13,11,33,3,41,20,11,30,49,48,111,20,42,75,9,17,2,26
7,1,17,20,6,2,4,25,30,13,17,33,3,50,24,11,30,49,48,136,22,42,75,10,20,5,26
8,3,19,21,8,12,4,37,31,14,19,34,4,53,26,12,38,52,57,146,26,50,86,12,21,7,29
9,3,20,21,8,16,4,40,31,19,22,40,8,58,26,16,41,62,65,162,29,60,92,12,23,8,32
10,3,22,23,8,20,6,45,34,27,31,42,8,75,29,17,52,69,68,198,37,77,113,17,27,9,36
11,3,23,26,10,21,9,48,37,28,34,43,10,85,36,25,64,81,78,232,38,82,124,18,33,13,38
12,3,26,27,11,21,13,50,41,36,34,51,10,89,41,27,68,86,86,264,41,92,130,20,39,13,39
13,3,29,28,14,21,13,50,46,42,36,54,10,100,41,29,68,91,86,283,41,92,133,21,44,15,42
14,3,33,31,14,21,14,50,47,42,36,57,10,101,41,29,68,91,86,290,41,105,133,22,44,15,42
15,3,33,31,15,21,16,56,49,42,37,58,13,118,43,30,86,96,98,303,41,112,154,24,46,17,43
16,3,37,32,19,21,17,59,52,43,38,60,13,128,54,34,88,102,99,325,47,121,167,33,52,19,47
17,4,41,34,20,22,22,64,66,48,42,61,14,142,60,36,91,113,101,354,56,138,184,36,54,21,56
18,5,45,38,20,24,29,68,79,60,46,62,14,152,66,41,98,120,107,402,62,152,200,48,65,21,66
19,6,46,38,22,24,31,73,92,60,50,65,15,164,76,48,103,134,118,448,68,177,215,58,71,24,80
20,6,47,39,22,24,32,74,97,60,56,70,15,175,78,51,103,137,118,490,81,187,234,61,75,24,85
21,6,52,39,22,24,32,74,102,60,58,70,15,175,81,51,103,143,118,518,82,192,234,61,77,24,85
22,7,52,40,22,29,33,83,102,70,59,79,19,193,82,53,119,148,131,537,85,203,247,61,77,24,85
23,7,56,43,24,30,34,87,110,75,64,82,19,212,90,57,125,154,131,561,92,221,255,63,84,24,88
24,8,56,49,27,31,36,97,120,76,73,87,22,222,101,62,128,165,136,651,98,231,281,68,88,24,97
25,10,61,50,28,31,39,101,132,81,81,93,24,234,103,78,133,172,145,732,107,252,296,75,99,24,103
26,16,64,54,31,32,45,103,155,91,81,99,24,240,109,85,144,188,159,784,122,271,309,76,105,26,108
27,16,68,57,31,32,45,103,173,103,89,116,24,251,112,88,144,200,159,847,128,286,325,87,107,26,112
28,19,72,59,33,32,45,103,176,103,89,119,24,251,114,89,144,205,159,878,134,291,325,90,113,26,112
29,19,72,60,35,32,45,109,180,106,90,121,25,266,124,93,154,210,179,905,152,303,345,94,114,27,125
30,27,82,63,43,33,50,112,186,117,94,130,25,285,133,99,162,233,191,1008,165,326,362,103,126,28,132
31,35,86,67,44,34,53,116,216,132,97,145,26,300,144,108,170,257,209,1098,187,347,391,111,135,31,138
32,41,94,69,46,34,60,119,238,143,106,154,27,322,167,117,190,276,222,1188,199,380,391,122,145,33,151
33,51,113,76,51,34,67,121,258,169,122,172,28,342,185,135,205,296,253,1279,215,411,428,140,153,33,161
34,56,123,82,51,34,72,121,271,193,122,178,28,376,196,150,216,312,253,1341,233,432,468,151,166,40,161
35,61,137,88,57,34,72,121,279,195,122,181,28,376,199,157,216,324,253,1372,235,448,468,160,170,43,161
36,62,139,90,57,39,72,137,287,199,123,186,30,395,209,159,235,334,314,1469,248,461,508,164,175,46,180
37,63,157,102,71,41,85,143,299,219,134,193,31,407,221,176,255,352,319,1548,278,483,536,183,188,50,196
38,66,286,112,74,42,103,152,328,234,151,208,38,440,248,226,285,374,340,1630,307,522,589,195,216,54,235
39,69,306,128,83,45,115,162,369,252,164,262,45,484,276,237,315,426,369,1766,341,555,626,207,229,58,255
40,71,327,138,94,49,122,170,415,289,171,287,48,519,311,263,340,482,413,1988,369,627,674,240,252,66,306
41,73,344,143,101,49,127,171,445,309,183,309,48,566,314,270,371,507,413,2111,384,645,699,248,270,72,315
42,74,354,153,103,49,127,171,460,309,183,328,48,566,324,281,371,515,413,2278,393,661,699,261,288,78,315
43,78,356,160,107,61,139,203,475,328,198,339,60,627,341,287,391,543,476,2417,415,696,727,282,333,81,375
44,78,374,197,120,74,154,226,516,354,204,375,67,683,362,328,432,590,507,2558,447,746,806,305,363,87,421
45,88,429,257,142,78,178,258,589,415,233,409,76,771,414,344,484,680,543,2752,475,805,889,347,410,92,428
46,92,471,279,153,88,190,291,644,471,247,456,83,838,443,395,529,723,592,2990,526,851,955,388,454,111,474
47,105,503,306,170,97,203,315,732,544,251,525,92,926,493,422,555,786,665,3406,568,933,1043,429,519,168,569
48,105,528,313,182,105,219,357,755,611,291,575,101,1024,516,460,603,881,665,3706,620,975,1096,469,576,191,603
49,105,537,317,188,112,228,371,823,614,308,610,103,1024,531,483,611,915,665,3805,633,1049,1096,495,610,204,635
50,123,575,347,201,125,234,408,924,685,339,661,118,1167,563,495,650,970,784,4002,683,1144,1136,516,648,218,647
51,124,593,366,231,135,246,476,1038,717,384,726,126,1249,614,538,703,1040,843,4244,723,1244,1211,546,709,242,771
52,128,650,417,253,156,276,518,1150,817,421,782,146,1310,671,576,771,1173,894,4577,800,1360,1354,581,780,270,882
53,134,729,466,301,176,311,556,1283,889,449,834,159,1440,726,626,808,1280,964,4737,864,1501,1462,629,862,298,935
54,146,751,504,329,183,326,576,1402,982,489,906,169,1537,795,658,864,1342,1033,5095,911,1619,1569,684,960,326,953
55,154,819,541,352,196,360,611,1459,1042,521,992,184,1667,847,691,886,1418,1080,5315,951,1722,1616,743,1043,344,990
56,158,850,552,363,207,381,651,1501,1049,527,1032,188,1720,878,716,901,1474,1080,5589,981,1806,1616,789,1101,348,1010
57,170,873,574,400,221,407,663,1562,1080,538,1094,192,1803,922,729,925,1560,1154,5835,1019,1891,1700,805,1130,362,1077
58,178,916,613,414,224,416,686,1626,1144,612,1192,200,1868,980,772,961,1704,1210,6094,1073,2020,1821,829,1172,386,1140
59,202,945,639,459,247,437,718,1766,1219,656,1279,211,1999,1055,815,1017,1846,1262,6516,1140,2134,1920,858,1227,403,1143
60,209,998,678,500,268,452,759,1804,1318,719,1361,216,2125,1125,853,1077,1967,1319,6771,1170,2276,2022,919,1327,422,1205
61,229,1053,719,513,286,472,821,1887,1365,734,1446,228,2247,1195,913,1126,2041,1383,7175,1244,2404,2099,954,1429,438,1311
62,229,1087,750,545,288,509,840,2013,1406,792,1505,238,2366,1234,963,1186,2198,1383,7587,1317,2498,2139,1013,1530,461,1374
63,229,1125,778,555,310,543,871,2035,1410,799,1577,241,2366,1254,983,1206,2248,1383,7791,1348,2576,2182,1036,1552,486,1416
64,253,1160,809,575,326,558,891,2059,1456,850,1691,248,2543,1302,1009,1283,2422,1530,7964,1429,2651,2323,1064,1609,491,1502
65,265,1211,859,611,339,580,932,2165,1507,892,1800,257,2712,1399,1040,1382,2545,1601,8322,1495,2804,2393,1078,1664,510,1506
66,273,1252,902,642,348,632,973,2201,1564,961,1856,272,2869,1488,1102,1472,2679,1655,8701,1561,2963,2497,1115,1733,529,1511
67,280,1309,952,674,386,673,1015,2252,1621,974,1948,296,3052,1537,1152,1536,2817,1707,9030,1642,3090,2573,1156,1818,547,1536
68,288,1330,983,700,405,705,1075,2304,1696,1031,1994,305,3193,1630,1242,1591,2942,1820,9345,1710,3239,2662,1201,1895,566,1598
69,292,1365,1022,716,415,720,1090,2394,1714,1055,2069,312,3312,1693,1292,1673,3020,1820,9654,1718,3328,2747,1224,1949,607,1680
70,300,1386,1054,731,426,746,1152,2448,1716,1063,2097,313,3313,1713,1314,1696,3046,1820,9751,1812,3480,2747,1257,2016,618,1706
71,303,1405,1065,743,430,755,1179,2460,1756,1077,2122,323,3484,1767,1334,1713,3184,1930,9845,1866,3590,2836,1282,2041,620,1811
72,314,1437,1101,754,438,778,1252,2547,1862,1166,2207,345,3683,1872,1385,1772,3317,1982,10148,1932,3707,2918,1332,2093,646,1909
73,336,1469,1156,789,456,807,1344,2675,1974,1227,2279,369,3872,1972,1488,1873,3427,2039,10472,1995,3889,3067,1372,2190,675,1940
74,358,1515,1207,863,497,835,1397,2716,2075,1298,2391,390,4079,2061,1564,1952,3523,2108,10738,2068,4043,3142,1398,2253,697,1977
75,390,1560,1244,887,512,871,1449,2812,2097,1307,2465,410,4240,2135,1653,2025,3629,2164,11121,2150,4169,3280,1417,2308,721,2034
