#time,Werra-Meissner-Kreis,Kassel-City,Kassel,Waldeck-Frankenberg,Hersfeld-Rotenburg,Schwalm-Eder-Kreis,Fulda,Marburg-Biedenkopf,Lahn-Dill-Kreis,Limburg-Weilburg,Giessen,Vogelsbergkreis,Main-Kinzig-Kreis,Wetteraukreis,Rheingau-Taunus-Kreis,Hochtaunuskreis,Wiesbaden,Main-Taunus-Kreis,Frankfurt-am-Main,Offenbach-am-Main,Offenbach,Gross-Gerau,Darmstadt,Darmstadt-Dieburg,Odenwaldkreis,Bergstrasse
0,0.014494,-0.037472,-0.00664201,0.070192,0.001904,-0.01472,0.111257,0.034602,0.0714,0.015273,0.102149,0.015998,-0.21053199,-0.12389899,-0.032986,-0.11354,-0.127705,-0.00563199,0.051504,-0.034624,0.121794,-0.033774,0.049218,-0.140538,0.031558,0.057555
0.15,0.11454,0.163576,0.23036499,0.070192,0.001904,0.16512,0.33428,0.526408,0.324773,0.359855,0.645483,0.015998,1.05453501,0.49680701,0.154447,0.361022,0.986731,0.71216001,3.872024,0.488944,0.478336,0.793647,0.367566,0.752565,0.031558,0.057555
0.45,0.314632,0.76672,0.46737199,0.383248,0.122208,0.34496,1.003349,1.755923,0.831519,1.049019,2.003818,0.22701,2.74129101,1.11751301,0.716746,1.08868373,2.936994,2.14774401,12.277168,1.53608,1.547962,2.448489,1.32261,2.538771,0.1234743,0.32857
1.05,0.61477,1.77196,1.15469229,0.852832,0.46617577,0.88448,2.118464,4.214953,2.098384,2.599638,4.448821,0.438022,6.53649201,2.66927801,1.653911,2.733832,7.116129,5.01891201,28.323352,3.630352,3.687214,5.758173,2.91435,6.111183,0.225066,0.8706
2.25,1.415138,3.78244,2.36342799,1.948528,0.964336,1.78368,4.77908926,9.378916,4.632114,5.68274011,9.882161,0.965552,14.12689401,5.77280801,3.715674,6.07158473,15.95563273,11.23977601,62.708032,7.949788,7.965718,12.653348,6.575352,13.553708,0.4863018,1.95466
4.65,3.11592,8.205496,5.19961176,4.14102231,2.047072,4.11021772,10.36640231,20.690454,10.21281674,12.25700195,21.563842,2.04125448,30.90868675,12.31504925,8.20960331,13.42729573,34.92637282,24.63856001,137.3036850001,17.374012,17.592352,27.74611994,14.374878,29.927263,0.9894226,4.13826657
9.0391699256,6.624940815,17.80940431,11.13005358,8.85670389,4.44976315,8.79061063,22.19444668,44.55329096,22.29026307,26.70224211,46.828873,4.46101165,66.42347728,26.63473667,17.77761169,28.9771106,75.375334,53.35024001,296.523856,37.629549,37.67755133,59.816345,31.088148,64.48538742,2.1988476,9.02427986
14.2010511706,11.821404163,31.49613354,19.70180675,15.7450382,7.83352496,15.59721316,39.37113036,78.97971096,39.35720848,47.20487111,82.77947267,7.94270965,117.85524073,47.39735237,31.46468338,51.39225573,133.30067791,94.50364801,524.704413,66.556681,66.82485983,106.02934011,55.1075046,114.27587967,3.8339902,15.85385786
19.7239457807,18.626014326,49.621384,31.08077616,24.9691671,12.38982715,24.68937721,62.12338905,124.50250384,62.15428174,74.42684911,130.773976,12.48634848,185.75431701,74.76427991,49.65907245,81.05238073,210.17143382,148.98406081,826.716519,104.875314,105.42053133,167.05930017,86.8308828,180.19184275,6.0448191,25.07611114
25.1037146033,26.832009571,71.535616,44.83244898,35.94596868,17.89500597,35.5162005,89.56304342,179.58477583,89.75894525,107.33443011,188.60282473,18.00247739,267.91219929,107.70514733,71.60658421,116.9134492,302.84691845,214.78166081,1190.621049,151.08019,151.88983866,240.83767267,125.1918168,259.85166867,8.739418,35.97865743
30.0453442686,36.134805407,96.23358954,60.28003856,48.33262456,24.05084304,47.85003746,120.40673305,241.76237398,120.70293497,144.35885921,253.72140463,24.24109304,360.26209029,145.02819911,96.3566656,157.3461316,407.14799682,288.85779521,1599.512202,203.044314,204.30151266,323.68703094,168.4234752,349.48447808,11.7968444,48.45309071
34.5049616405,46.238710326,123.11216062,77.28134069,61.95056056,30.78786704,61.18779139,154.24753879,309.42155983,154.64842023,184.77470063,324.744214,31.03246839,460.98858312,185.70306329,123.36933105,201.4329414,520.61784409,369.53761601,2044.125217,259.556935,261.49679183,414.0904365,215.4753096,447.20483133,15.0864804,62.03481386
38.5506310625,57.145206489,152.155864,95.54404675,76.66198794,38.02305127,75.58637367,190.61202584,382.59819425,191.17960943,228.35525569,401.5716416,38.40642035,569.72716696,229.72973987,152.45714757,249.06314747,642.92719509,456.58185921,2522.931886,320.519884,323.20826966,511.46563011,266.2518156,552.71502742,18.656703,76.700597
42.2708449687,68.949893408,183.58121293,115.25776233,92.49446445,45.85128338,91.2051362,229.90711336,461.73285344,230.7902551,275.42697048,484.58402123,46.34918726,686.99244531,277.27581947,183.9771304,300.53730573,774.98786109,550.58868481,3039.370677,386.194945,389.9113355,616.71664583,321.1190934,666.53604308,22.5171876,92.48141329
45.7423844892,81.75726357,217.66658154,136.66476125,109.85364011,54.3945618,108.22391898,272.71187863,547.56836938,273.83118138,326.56112569,574.7593541,55.00756009,814.61411962,328.88131631,218.28629479,356.50398427,918.14223091,652.58692801,3598.21724,457.400193,462.40820883,730.83945339,380.6820042,790.18119175,26.7501751,109.81088671
49.0248054438,95.76370357,254.9377877,160.13372107,128.66676248,63.76641284,126.71784506,319.35889979,641.38036388,320.7831473,382.36527379,673.1571415,64.44575987,953.40697879,385.39039055,255.63455138,417.61175113,1074.11261473,763.79683521,4206.252998,534.986426,541.4416855,855.21308778,445.5931614,925.08936158,31.3121262,128.59609786
52.162935646,111.167082163,295.84332308,185.93588314,149.34389082,73.99733611,146.93277164,370.64245173,744.29589236,372.32831094,443.63739416,781.1719407,74.819752,1105.93689318,447.30581405,296.70915452,484.66736173,1244.89993173,885.72576961,4871.214504,619.869888,628.170527,991.47706839,516.7916916,1072.94752492,36.3481719,149.23969757
55.1905503732,128.166750267,340.92447077,214.36618949,172.21571809,85.30421769,169.36268962,427.08683415,857.61619152,429.32424246,510.98503927,900.12586443,86.31302517,1273.74767336,515.67037289,341.93405981,558.5883026,1432.58108536,1019.92894721,5601.029337,713.097715,723.78320666,1141.45478594,595.200804,1235.69073825,41.8728253,172.05916057
58.1334116676,146.882022,390.75344431,245.73801606,197.57325409,97.73789025,194.15329215,489.54109952,982.91401598,492.26469436,585.55077048,1031.77569263,99.0058557,1459.23365519,591.24132839,392.02329771,640.38697267,1639.73954091,1168.05728961,6404.771232,815.946104,829.438486,1306.98495378,681.7755426,1415.45252542,48.0505682,197.29452871
61.0114755396,167.690848919,446.08804,280.63861352,225.74829409,111.66604349,221.55498936,558.90125252,1121.92605567,562.13717166,668.16883895,1177.63370493,113.0932003,1664.93211994,675.32837021,447.56594338,731.10740833,1868.90810745,1332.16846721,7292.469054,929.691252,946.740804,1490.31999572,777.7415472,1614.71372808,54.8475367,225.30973643
63.8404478953,190.898556593,507.608728,319.54726268,257.07704259,127.08528856,252.22567696,636.06721052,1276.33777073,640.00064359,759.990874,1339.83701507,128.786071,1893.40893795,768.88117853,509.32065419,832.09420193,2123.151484,1514.39192961,8274.915772,1055.838417,1077.1460405,1694.01878783,884.2767054,1836.00480475,62.4185372,256.75521971
66.6328884116,216.801577615,576.28981785,363.08018176,292.01806051,144.32095459,286.27234835,721.99366847,1448.51085456,726.91407933,862.40427158,1520.6495147,146.33447113,2147.99473762,873.14116535,578.22905783,944.75522073,2405.68633809,1717.21602241,9364.2415370001,1195.92558,1222.58546466,1920.44101222,1002.9727572,2082.22834017,70.8651614,291.561289
69.3990092842,245.715612697,653.0128277,411.69295087,331.17100439,163.66956552,324.41208708,818.29265226,1640.65843417,824.040396,976.60600074,1722.5524291,166.00904652,2432.13450363,989.87113571,655.33988657,1070.60906313,2720.26122718,1943.29657601,10574.391247,1351.817952,1385.13890483,2172.9116755,1135.3418556,2357.00636317,80.3422157,330.65713857
72.1472669909,278.130516696,738.96858031,466.09659102,375.16308856,185.26498073,367.21400708,925.86799194,1855.62376298,932.95830228,1104.49126248,1948.29865053,188.04145165,2749.93076967,1120.72837463,741.66617114,1211.5856146,3071.05528627,2195.79187521,11919.691852,1525.544359,1567.06446033,2454.74046167,1283.2781712,2663.78724367,90.9416164,374.62351486
74.8848114412,314.542073126,835.44068985,527.43400262,424.50358017,209.57486084,415.22673417,1046.74254526,2096.33718508,1055.09708177,1247.61067579,2201.30212763,212.82618722,3105.70048751,1267.58120717,838.53779331,1369.67803553,3462.77954027,2478.09946881,13417.622231,1719.395411,1770.9767725,2769.91124961,1448.8032138,3006.96207142,102.8181699,423.816609
75,316.233221067,839.69362831,530.10428148,426.69497217,210.65759684,417.36887898,1052.09900994,2107.10056431,1060.49587569,1253.98544279,2212.49480803,213.94088104,3121.3816005,1274.04275663,842.84875231,1376.70155313,3480.12928254,2490.63690241,13483.717227,1728.00156,1780.18744083,2783.93143878,1456.1252178,3022.16963083,103.3793431,426.00795886
