--jacobi_matrix
0	0	
0	0	
0	0	
0	0	
0	0	
0	0	
0	0	
0	0	
0	0	
0	0	
0	0	
0	0	
0	0	
0	0	
0	0	
0	0	
0	0	
0	0	
0	0	
0	0	
0	0	
0	0	
0	0	
0	0	
0	0	
0	0	
0	0	
0	0	
7.24188666208647	0	
0	0	
9.31932833918836	0	
0	0	
0	0	
0	0	
0	0	
0	0	
0	0	
0	0	
0	0	
0	0	
0	0	
0	0	
0	0	
0	0	
0	0	
0	0	
0	0	
0	0	
14.5909499842674	0	
0	0	
0	0	
0	0	
0	0	
0	0	
1.64588331244886	0	
0	0	
2.118029166013	0	
93.7140879395884	0	
12.390169169521	0	
0	0	
0	0	
14.3575795809738	0	
0	0	
0	0	
0	0	
0	0	
0	0	
25.0463304109871	0	
60.1542137446813	0	
0	0	
0	0	
0	0	
0	0	
0	0	
3.31612498848699	0	
78.5599887021817	0	
0	0	
0	0	
0	0	
0	0	
2.46882188366726	0	
0.344471889548004	0	
0	0	
83.5174618696328	0	
11.9825993897393	1.22271562577225	
4.80279375915416	0	
71.0581343737431	0	
63.4756275103427	0	
84.8959375289269	0	
7.88427813677117	0	
26.8022686941549	0	
9.69853124115616	0	
4.18377187452279	0	
36.580823129043	0	
123.474441876169	0	
74.7700000065379	0	
328.325937502086	0	
40.9037500066916	0	
0	0	
23.941581195686	0	
49.7418750019278	0	
99.2336699273437	0	
0	0	
0	0	
0	0	
0	0	
5.76058437582105	0	
0.803767703473568	0	
0	0	
37.0398243831005	0	
7.09174521034583	2.85300312680192	
11.2065187713597	0	
165.802313538734	0	
123.928610846633	0	
198.090520803817	0	
18.3966489566956	0	
62.5386270694435	0	
22.6299062487669	0	
9.76213437388651	0	
43.1719606276602	0	
186.794671055395	0	
174.463333329186	0	
766.093854093924	0	
95.4420833440963	0	
0	0	
55.863689573016	0	
116.064375004498	0	
99.2336699855514	0	
0	0	
0	0	
8.42279083735775	0.0117251620395109	
5.99883456015959	0.0320908438879997	
13.1043073488399	0.229817640502006	
13.5106375382748	0.0157571048475802	
0.978995274635963	0.00802842259872705	
17.2300678677857	0.0156392343342304	
24.2551310220733	3.64019491826184	
41.5409921552055	0.488268473418429	
219.351655046921	0.0403559533879161	
168.11510224943	0.0482678005937487	
277.686333633028	0.0844214227981865	
25.2558635693276	0.00808545155450702	
149.105878314003	0.688629923388362	
53.3116711303592	0.0478483270853758	
28.8738830713555	0.031970877898857	
66.3430895656347	0.0519586901646107	
263.924310507718	0.135157548356801	
265.240818785969	0.095938186859712	
1195.52461302374	0.53202360868454	
148.803757518181	0.0676825293339789	
30.9251205180772	0.0671133166179061	
122.244279191364	0.107160536572337	
175.886629731394	0.0558462634216994	
145.166415721178	0.115473638288677	
1.06198090361431	0.00404121237806976	
1.16408104076982	0.0163262593559921	
32.4879075196804	0.045225620851852	
23.1383618665859	0.123778881970793	
27.9730998154264	0.886439491296187	
48.9630020456389	0.060777529142797	
3.77612463489641	0.0309668248519301	
46.9463758927304	0.0603227235842496	
82.3763910739217	2.86163744749501	
116.318284010049	1.88332132529467	
196.396298182663	0.155658810399473	
182.092394330539	0.186175864655524	
294.884429720696	0.325625471305102	
25.3306452214019	0.0311867770506069	
330.073359189555	2.65614374075085	
116.958445694763	0.18455769168213	
73.1190632795915	0.123316189274192	
120.305631280644	0.200412061531097	
366.699997452088	0.521321897394955	
339.46030100924	0.370047288015485	
1609.47207931895	2.0520914113149	
199.980207558838	0.261061213677749	
119.28260762943	0.258865824434906	
252.619191131089	0.413333473261446	
223.637000395684	0.215407082578167	
276.402832416352	0.44539850205183	
4.09621205471922	0.015587531379424	
4.49002697132528	0.0629728892818093	
56.5530242165551	0.0787260942161083	
40.2778892312199	0.215467007365078	
42.8418922820129	1.54306134209037	
84.415366553003	0.105797953438014	
6.57325403881259	0.053905212553218	
76.6626840340905	0.105006212834269	
140.497651154874	2.08307994762436	
191.095575864892	3.27837417717092	
173.440941347508	0.270961638307199	
196.069686440751	0.32408389961347	
312.082525924779	0.56682963622734	
25.4054268734762	0.0542880879947916	
511.040840065107	4.62365767452866	
180.605220317375	0.321267056278884	
117.364243487827	0.214661529753357	
174.268172995653	0.348865432897583	
469.475684512872	0.90748630464077	
413.67978323251	0.644156330963597	
2023.41954549775	3.57215898111463	
251.156657599495	0.454439883469604	
207.64009479899	0.450618332251906	
382.994103070814	0.719506409950554	
271.38737111818	0.374967930838466	
407.63924899511	0.775323365814984	
7.13044320582412	0.0271338503807783	
7.81597284367308	0.109619344584644	
80.6181408843258	0.112226538476534	
57.4174165376462	0.307155016344041	
57.7106847194955	2.19968316378072	
119.867731031263	0.1508183486294	
9.37038339907303	0.0768435857025906	
106.378992088139	0.149689672980458	
198.618911206722	1.30452250596136	
265.87286774884	4.67342699994333	
150.485584483249	0.386264466214925	
210.046978521859	0.461991934571415	
329.280622012448	0.808033684734255	
25.4802085109986	0.0773893989389762	
692.008320940658	6.59117160830647	
244.251994939987	0.4579764790833	
161.609423725167	0.306006899336353	
228.230714681558	0.497318804264069	
572.251371515449	1.29365065367892	
487.899265455781	0.91826543211937	
2437.36701179296	5.09222655091435	
302.333107683808	0.647818582365289	
295.997581910342	0.642370781861246	
513.369015068747	1.02567946305498	
319.13774178247	0.534528749994934	
538.875665632077	1.10524822957814	
10.1646743714809	0.038680198485963	
11.1419187742285	0.1562659163028	
104.6832575812	0.145727011840791	
74.5569438731764	0.398843083530664	
72.5794771860819	2.85630504367873	
155.320095509524	0.195838743820786	
12.1675127593335	0.0997819734038785	
136.095300171291	0.194373191334307	
256.740171258571	0.525965035194531	
340.650159603683	6.06847985181957	
127.53022761899	0.501567323226482	
224.024270632071	0.599899998633191	
346.478718216531	1.04923779144883	
25.5549901630729	0.100490695331246	
872.975801932625	8.55868560029194	
307.898769562598	0.594685901887715	
205.854603933403	0.397352210711688	
282.193256367464	0.645772175630555	
675.027058459818	1.67981500271708	
562.118747708155	1.19237456237897	
2851.31447808817	6.61229435354471	
353.509557709913	0.841197266709059	
384.355069079902	0.834123289678246	
643.743927008472	1.33185234153643	
366.888112446759	0.694089540047571	
670.112082210835	1.43517297692597	
13.1989055080339	0.0502265174873173	
14.467864704784	0.202912488020957	
114.643955777865	0.270110394922085	
131.130913214292	3.5909257712774	
112.799419817748	2.58864823263139	
168.584617902525	0.973775488091633	
35.9746535104932	0.17588677292224	
154.466940613929	0.353804876795039	
295.563831314212	1.62134776473977	
445.65327919554	6.91245350753888	
220.508089667419	0.887133966898546	
291.67374689132	2.75409294408746	
487.656752637122	23.7876020837575	
30.5106522428105	0.18097746942658	
1029.86998239066	8.48991452949122	
357.335964916274	1.07923365430906	
261.054689704906	0.711449305526912	
351.399438921362	4.11044643260539	
886.950631684158	12.4426894471981	
686.446539562894	6.59403222380206	
3630.25651348289	11.8607471231371	
448.842762998538	1.5036224067444	
477.391411142889	7.04715715255588	
779.874866362661	2.40213563665748	
435.456083709141	4.21220244606957	
821.352629805915	2.58809275692329	
18.3454241341678	0.0849941570777446	
29.1179021005519	0.35499909427017	
121.444717791746	0.358522913302295	
182.540270703612	6.82009998126887	
149.544496962335	2.22427828703076	
177.763174346182	1.73167407047004	
58.8933034596266	0.233458049478941	
169.147783628432	0.469612277811393	
325.375416839961	2.67165500554256	
534.918652061606	7.49818401527591	
309.145560313482	1.17751068319194	
351.621358568082	4.85979081713594	
615.933895169292	47.2073639975861	
33.9431392785627	0.240215013036504	
1160.98351177061	7.98022700473666	
396.19224431226	1.43248838139698	
310.216372425202	0.944320898270234	
410.278546973132	7.556616445072	
1074.86664957833	23.2426034053788	
792.904794972856	11.9298319332302	
4312.52872769255	15.7430071849376	
532.080490156659	1.99578813044354	
556.18084728485	13.2995825260878	
894.061589264311	3.18840274121612	
493.23272597394	7.70478133927099	
949.33604617836	3.43522726325318	
22.9950952634681	0.112814450403675	
41.2537081283517	0.471197417937219	
128.245479805628	0.44693544623442	
233.949628163828	10.0492741621565	
186.289574136026	1.85990839963779	
186.941730731633	2.48957268195227	
81.8119534378638	0.291029296931811	
183.828626672039	0.585419678827748	
355.187002423918	3.72196227544919	
624.184024927672	8.08391452301294	
397.783031017752	1.46788739948533	
411.568970303051	6.96548874839209	
744.211037701461	70.6271259696223	
37.3756263288669	0.299452556646429	
1292.09704120876	7.47053947998211	
435.04852388287	1.78574316669255	
359.378055203706	1.17719249101356	
469.157654995797	11.0027865157463	
1262.78266735608	34.0425173635595	
899.363050470129	17.2656317590736	
4994.8009417858	19.6252671303228	
615.318217343884	2.48795383959077	
634.97028342681	19.552007841412	
1008.24831222417	3.97466984577477	
551.009368296945	11.1973602906801	
1077.3194624926	4.28236182779074	
27.6447663782164	0.140634714625776	
53.3895140979439	0.587395741604269	
135.046241819509	0.53534799371846	
285.358985682251	13.278448372148	
223.034651280614	1.49553845403716	
196.12028717529	3.24747132253833	
104.730603372445	0.348600558936596	
198.509469715646	0.701227108947933	
384.998587978771	4.77226954535581	
713.449397822842	8.66964503074996	
486.420501692919	1.75826411577873	
471.516582067125	9.0711866505444	
872.488180233631	94.0468879416585	
40.8081133500673	0.358690100256354	
1423.21057070512	6.96085201343521	
473.904803395271	2.13899801019579	
408.539737953106	1.41006408375688	
528.036763047567	14.4489565573167	
1450.69868525025	44.8424313217402	
1005.8213059383	22.6014314976055	
5677.07315622829	23.5075273085386	
698.555944487453	2.98011956328992	
713.75971956877	25.8044332149439	
1122.43503518403	4.76093689212576	
608.786010619951	14.6899392420892	
1205.30287892325	5.12949645053595	
32.2944375366205	0.168455022503622	
65.5253201257437	0.703594065271318	
141.847003833391	0.623760526650585	
336.768343142467	16.5076225530356	
259.779728454305	1.13116853754036	
205.29884356074	4.00536990491673	
127.649253350683	0.406171835493296	
213.190312788356	0.817034539068118	
414.810173591832	5.82257684436627	
802.714770718012	9.25537553848699	
575.057972368086	2.04864083207212	
531.464193743886	11.1768845526967	
1000.76532282401	117.466649913695	
44.2406004003715	0.417927658418193	
1554.32410008507	6.45116454688832	
512.761082965881	2.49225279549137	
457.701420760714	1.64293573470786	
586.915871099336	17.8951265697833	
1638.6147030862	55.6423453381285	
1112.27956137736	27.9372312943451	
6359.34537020512	27.3897871375084	
781.793671660125	3.47228528698906	
792.549155710731	32.0568585884757	
1236.62175814388	5.5472039966844	
666.562652913854	18.1825181934983	
1333.28629529569	5.97663095686585	
36.9441086659208	0.196275301277637	
77.6611260953359	0.819792388938367	
165.144195998437	0.984782964223996	
429.466119094286	15.8489113091491	
309.294824313838	2.0281310135033	
238.604510057485	4.16300955112092	
147.98036305001	0.65940129570663	
249.476307566511	1.64548942120746	
520.530626847176	7.77204244513996	
1030.05584698985	10.9693327685818	
672.702422714792	3.29925870755687	
654.168604814913	13.0075837951154	
1191.91490777303	107.621363305952	
72.7747240453027	0.657568627502769	
1860.59987905901	10.8615190256387	
643.499763915315	3.96062125219032	
527.915351907723	2.63314484618604	
730.559537158115	17.8205914562568	
1987.05422185594	58.1134805106558	
1359.68209203565	38.7403348286171	
7703.37614126038	57.5389225268736	
963.761519495165	10.2840697509237	
952.1210679668	30.995057313703	
1523.2812903123	11.0512386308983	
811.627957096789	20.5084995250218	
1634.39719268354	20.3167703584768	
54.0257507236674	0.319957587635145	
110.373599978629	1.33467128034681	
180.140658310847	1.23452824482229	
498.034716729308	13.7133794778492	
340.982255118433	2.92267973418348	
259.462271176744	3.90266798785888	
159.247530653374	0.826628354843706	
273.247491189977	2.39146291278303	
600.457297259709	9.31569503154606	
1203.77062167972	11.7123492236715	
730.469120841008	4.1359651950188	
740.252613497432	14.0066947496962	
1307.57127760444	88.0632173502818	
98.5349661059445	0.824330898467451	
2081.91105362494	14.6479546674527	
744.323105551302	4.96505224145949	
569.559494149871	3.30092196236365	
838.135511963628	16.0443958011456	
2229.22469570767	56.3478721305728	
1537.86787466379	49.4060931378044	
8641.64810825605	85.9209974296391	
1096.79374723055	17.6166279125027	
1058.99793375283	27.0307624014094	
1736.24917678535	16.0661251866259	
917.922251624987	21.6728224768303	
1852.24113886943	36.2145422841422	
69.2205336818006	0.401100231101736	
129.410709487274	1.67314981808886	
195.137120608706	1.48427352542058	
566.603314393433	11.577847704757	
372.66968601034	3.81722848396748	
280.320032325108	3.64232642459683	
170.514698285842	0.993855443084612	
297.018674813444	3.1374364043586	
680.383967759553	10.8593477052636	
1377.4853964278	12.4553656787612	
788.235819054535	4.97267171158455	
826.336622209055	15.0058057333808	
1423.22764743585	68.5050713946112	
124.295208181138	0.991093198535964	
2303.22222824907	18.4343904256821	
845.146447245497	5.96948323072866	
611.20363639202	3.96869904943742	
945.711486798245	14.2682001169305	
2471.39516961761	54.5822638086975	
1716.05365729192	60.071851417888	
9579.92007536814	114.303072565235	
1229.82597500959	24.9491861322895	
1165.87479959708	23.0664674891159	
1949.21706331661	21.0810116841458	
1024.21654621139	22.8371455159504	
2070.08508517174	52.1123142680153	
84.4153166690376	0.482242889120243	
148.447819054127	2.01162829762325	
210.133582921117	1.73401880601887	
635.171912086662	9.44231596076861	
404.357116873143	4.71177723375149	
301.177793473471	3.38198483223096	
181.78186591831	1.16108250222169	
320.789858407807	3.88340989593416	
760.310638230294	12.4030003498774	
1551.20017111767	13.1983821338508	
846.002517151646	5.80937816994265	
912.420630920678	16.0049166879617	
1538.88401732547	48.9469254389405	
150.055450270884	1.15785549860448	
2524.533402815	22.2208260674961	
945.969788939692	6.97391416179016	
652.847778634168	4.63647616561502	
1053.28746163286	12.4920044618193	
2713.56564358575	52.8166555450298	
1894.23943989095	70.7376096979715	
10518.1920424802	142.685147584416	
1362.85820275953	32.2817443084205	
1272.75166544132	19.10217263503	
2162.18494978966	26.0958982398733	
1130.51084073959	24.0014685259666	
2287.92903135763	68.0100861936808	
99.6100996417226	0.563385532586835	
167.484928620979	2.3501068353653	
225.130045233527	1.98376410116907	
703.740509750787	7.30678415857255	
436.044547706842	5.60632595443167	
322.035554680042	3.12164326896891	
193.049033536226	1.32830956135876	
344.561042031273	4.62938341661356	
840.237308701035	13.9466530526988	
1724.91494583664	13.9413986180443	
903.769215336069	6.64608471561223	
998.504639632301	17.0040276716463	
1654.54038715689	29.3887795414776	
175.815692316974	1.32461778412107	
2745.84457738092	26.0072617093101	
1046.79313051747	7.97834503464401	
694.491920876317	5.30425328179263	
1160.86343643838	10.7158088067081	
2955.73611749569	51.0510471649468	
2072.42522254819	81.4033680362627	
11456.4640094759	171.067222487181	
1495.89043053857	39.6143025136553	
1379.62853128556	15.1378777809441	
2375.15283632092	31.1107847956009	
1236.80513526779	25.165791506879	
2505.77297760174	83.9078581775539	
114.80488262896	0.644528190605342	
186.522038187832	2.68858531489968	
281.6004766064	2.81945258029737	
855.417418264551	7.5293899863027	
524.488991970429	7.22223732736893	
387.537785019958	3.8284006586764	
222.771435044706	1.97902260697447	
418.010494642658	5.87879339582287	
1026.81382463197	17.0510915631894	
2124.28237739368	18.9254135766532	
1078.71614879696	10.1557383895852	
1224.88097514724	19.9060515733436	
2033.42599741882	20.804661558941	
219.94383042329	1.89525626774412	
3298.0043804273	35.0062366342172	
1276.00687928498	11.9592467090115	
839.800449146423	7.54082438652404	
1409.63160389219	12.321306479862	
3583.48599955207	58.4783211234026	
2519.90335001028	91.9143026985694	
13893.5391876148	225.478860898875	
1811.31177056523	46.9079067115672	
1693.60890839016	15.9661326906644	
2882.30390375247	41.4632333558984	
1500.78248404316	28.2753765932284	
3049.63099642191	97.950545779895	
137.633505073609	0.925822358112782	
264.372100355104	3.74594563618302	
324.753964174306	3.32410534610972	
924.272191274213	8.87707265792415	
568.692463857587	7.5782740896102	
423.693924705731	4.70841955393553	
227.897908029263	2.63264612294734	
471.392174367793	6.12132996320724	
1116.72748744604	18.0110393266659	
2340.92790057184	22.3128663492389	
1167.90640042746	14.2694212845527	
1352.27376589319	20.2436831314117	
2273.3232556493	27.7286648051813	
238.142664791667	2.23448748874944	
3568.30443488434	38.7298013083637	
1392.41355890408	16.2933658575639	
937.440618814435	8.89055366860703	
1531.27784203389	14.5266925101168	
3927.33713274356	68.8872686587274	
2753.77610433497	87.062829756178	
15199.4193773717	265.618265373632	
1968.85886968812	43.6648010654608	
1890.16215561423	18.8239048002288	
3134.39075899078	48.8495934405364	
1639.3655728898	27.6747689931653	
3332.74873532355	89.0106093138456	
145.185526824207	1.09153497032821	
339.610614057165	4.41643106751144	
367.907451756764	3.8287581410259	
993.12696425477	10.2247553586494	
612.895935715642	7.93431082274765	
459.850064420607	5.58843844919465	
233.024380984716	3.28626960981637	
524.773854180239	6.36386655969545	
1206.64115026011	18.9709870610386	
2557.5734237791	25.7003190927207	
1257.09665202885	18.3831041504163	
1479.66655663913	20.5813146312721	
2513.22051382158	34.6526680514216	
256.341499145492	2.57371868065093	
3838.604489516	42.4533660407178	
1508.82023875602	20.6274851225317	
1035.08078859886	10.2402830380015	
1652.92408020468	16.7320785694756	
4271.18826587684	79.2962161358446	
2987.64885865967	82.2113568137866	
16505.2995670121	305.757669731975	
2126.40596882557	40.4216954193544	
2086.71540283831	21.6816769097932	
3386.47761417087	56.2359534669667	
1777.94866170734	27.0741613639984	
3615.86647428339	80.0706728477962	
152.737548545701	1.25724755343981	
414.849127701018	5.08691649883986	
411.060939295567	4.33341087773442	
1061.98173726443	11.5724380593747	
657.099407573696	8.29034761409275	
496.006204106379	6.46845734445378	
238.150853940169	3.93989311123732	
578.155533934478	6.60640315618366	
1296.55481313239	19.930934853619	
2774.21894695726	29.0877718944103	
1346.28690368845	22.4967870744877	
1607.05934738507	20.9189461893402	
2753.11777199386	41.576671297662	
274.540333499317	2.91294991620816	
4108.90454408946	46.1769307730719	
1625.22691849153	24.9616042710841	
1132.72095829598	11.5900123782922	
1774.57031837548	18.9374646579381	
4615.03939901013	89.7051636711694	
3221.52161301346	77.359883900499	
17811.1797566526	345.897073973902	
2283.95306797756	37.1785898023518	
2283.26865006238	24.5394490775652	
3638.56446940918	63.6223135516047	
1916.53175058309	26.4735537348315	
3898.98421324324	71.1307363817468	
160.289570281748	1.42296015110333	
490.087641344871	5.75740193016827	
454.214426863473	4.83806367265061	
1130.83651027409	12.9201207309961	
701.302879489958	8.64638443454169	
532.162343821255	7.34847623971291	
243.277326910174	4.59351659810636	
631.53721371782	6.84893975267187	
1386.46847594646	20.8908826753031	
2990.86447013542	32.4752246378921	
1435.47715528985	26.6104699403513	
1734.45213804371	21.2565776892006	
2993.01503022434	48.5006746021099	
292.739167853142	3.25218113721348	
4379.20459866291	49.9004955054261	
1741.63359828526	29.2957235360518	
1230.3611280513	12.9397417476866	
1896.21655654628	21.1428507172968	
4958.89053220162	100.114111206494	
3455.39436733816	72.5084109581076	
19117.0599464094	386.036478332244	
2441.50016712956	33.9354841707973	
2479.82189734466	27.3972212453373	
3890.65132464748	71.0086736362427	
2055.11483940063	25.8729461056646	
4182.10195220308	62.1907999156974	
167.841592017794	1.58867274876684	
565.32615510514	6.42788736149669	
529.260636554682	5.34271643846296	
1286.99769606465	14.2678034608252	
801.792751386529	9.00242119678296	
614.187015395146	8.22849516407587	
271.65083347063	5.24714011407923	
726.901306043146	7.09147634916008	
1585.60460692388	21.8508304387797	
3419.75558677223	35.8626773813739	
1630.93017510255	30.7241528353188	
1989.23101459513	21.5942092181649	
3456.64041454438	55.4246778483503	
333.140324277338	3.5914123582188	
4969.24926061183	53.6240602377802	
1990.93640537467	33.6298427428119	
1412.62022824958	14.2894711170811	
2159.27796327742	23.3482367766555	
5660.10509070475	110.523058800027	
3946.16880346439	67.6569380157162	
21828.8068660768	426.175882807001	
2778.72894490429	30.6923785537947	
2858.10922388919	30.2549934131093	
4429.26535219885	78.3950337790884	
2342.94625505572	25.2723384764977	
4775.70514852414	53.250863449648	
186.796000314644	1.75438536098227	
683.931698207743	7.0983727928251	
604.447967300075	7.3747407150222	
1491.34133799816	19.5791839505546	
956.818678474519	12.2459924314171	
738.998124725185	34.0143058274407	
334.153731892002	6.26575855130795	
810.618059302215	10.1922783942427	
1858.89435504214	54.023304983275	
3879.59717243211	50.2241911017336	
1880.11270420975	36.3406744727399	
2290.51892622374	29.3509144103155	
3990.70021579973	69.7335393633693	
383.989593421575	5.36344909050968	
5708.21335935034	73.2098729349673	
2293.46678016009	39.7403204115108	
1612.16580195469	19.620492181275	
2483.62729119253	32.0527886797208	
6472.65541326487	128.726352413651	
4543.47415833035	87.0084572234191	
25124.3476452073	515.172233688645	
3193.3429492492	41.1942761711543	
3297.27423121221	41.5490689920262	
5110.31044757692	96.3235991657712	
2679.5535319543	34.27166165784	
5501.86695839511	71.0559212602675	
214.649729226949	2.42375810921658	
791.910226282198	9.88903897814453	
642.589214578038	8.17325062234886	
1599.80200664722	21.699146280298	
1052.74508678121	13.5719436802901	
815.456661686767	60.7409994699992	
373.590657647583	6.45111544872634	
844.199423416285	11.7118244525045	
2013.83784360951	85.1869628531858	
4096.37041128008	56.5983729902655	
2012.02503312379	37.681511050323	
2449.15378422593	32.5289238826372	
4272.91678823531	75.3230236587115	
410.246641200501	6.36328090331517	
6092.83581055934	81.1367696733214	
2447.71834462881	40.4307457502	
1715.37635455024	21.7449271585792	
2650.73057499831	35.5233471782412	
6882.79836624861	132.551456103101	
4854.5623634127	98.2106747105718	
26853.6902567139	550.269600003958	
3408.10425733798	45.6546414352488	
3532.29126730002	46.0478499298915	
5474.86494469922	103.435015247669	
2848.3640345803	37.9824715782888	
5882.55393475993	78.7495960830711	
230.282581513165	2.68619376583956	
848.262374929618	10.9597879345529	
680.730461826897	8.97176050057169	
1708.26267526718	23.8191085227299	
1148.67149508791	14.8978948127478	
891.915198619245	87.4676930834539	
413.027583388612	6.63647230248898	
877.780787530355	13.2313704816625	
2168.78133208957	116.350620635785	
4313.14365001163	62.9725548496936	
2143.93736197962	39.0223475405946	
2607.78864222812	35.7069333549589	
4555.13336055446	80.9125078376383	
436.503688950324	7.36311271612067	
6477.45826165192	89.0636664116755	
2601.96990903933	41.1211709724739	
1818.5869071458	23.8693621358834	
2817.83385883318	38.9939056767616	
7292.94131917413	136.376559676137	
5165.65056849504	109.412892110413	
28583.0328678712	585.36696608644	
3622.86556538311	50.1150066847913	
3767.30830321321	50.5466308095492	
5839.41944176331	110.546431213152	
3017.1745372063	41.6932814696338	
6263.24091106653	86.4432707312517	
245.915433770278	2.94862940791063	
904.614523518831	12.0305367745459	
718.87170910486	9.77027040789835	
1816.72334388713	25.9390707942657	
1244.59790345281	16.2238460616209	
968.373735580826	114.194386696909	
452.464509100537	6.82182917080354	
911.362151644425	14.7509165108204	
2323.72482068604	147.514278476592	
4529.91688883048	69.3467367382254	
2275.84969089366	40.3631840890739	
2766.42350025941	38.8849427981768	
4837.34993304824	86.5019920747727	
462.760736714699	8.36294452892616	
6862.08071280271	96.990563091822	
2756.22147344984	41.8115962529555	
1921.79745974136	25.9937971131876	
2984.93714260985	42.4644641461782	
7703.08427215787	140.201663365588	
5476.73877360648	120.615109597566	
30312.3754794942	620.464332401752	
3837.62687345734	54.5753719343338	
4002.3253391264	55.0454117474146	
6203.9739387692	117.657847236842	
3185.98503986141	45.4040914191864	
6643.92788743135	94.1369455540553	
261.548286041943	3.21106506453361	
960.966672108043	13.1012857309543	
850.010804599151	10.5687803006731	
2186.54055282241	28.0590330949053	
1499.43770826212	17.5497971940786	
1178.07321529835	140.921080339467	
555.628591537243	7.0071860391181	
1074.82613631873	16.2704625399783	
2807.11975091253	178.677936317399	
5425.42259077891	75.7209186267573	
2749.66071458766	41.7040205793455	
3318.61314375419	42.0629522413947	
5812.72693473147	92.0914763119072	
555.037759084371	9.36277634173166	
8241.00130586885	104.917459888384	
3308.91775130294	42.5020215334371	
2284.05048558488	28.1182321195956	
3584.58784344839	45.9350226155948	
9222.23120584385	144.026766938623	
6573.39995205984	131.817326997407	
36341.8236214202	655.561698484235	
4603.36769877176	59.0357371693244	
4794.57254084991	59.5441926270723	
7448.21467297152	124.769263202325	
3816.77120999666	49.1149013396353	
7980.56071618339	101.830620202236	
306.570108572487	3.47350070660468	
1148.39154458605	14.1720345709473	
897.661483599222	14.1191853472264	
2367.0778311498	43.3740889420733	
1581.42964355648	23.220321018016	
1269.94446027675	118.920364795486	
599.255459994311	9.20140463858843	
1160.04316846374	20.0026957318187	
3001.75326800672	159.800949215423	
5909.16227886919	100.842637271853	
2972.49084262876	51.4597599685658	
3566.16799335461	55.1998197333887	
6268.2445065584	111.212124465965	
599.093132797861	11.075129325036	
8916.16189980414	139.111660420895	
3574.06181632541	55.5535921594128	
2431.36179068824	36.8938072351739	
3870.54210269707	60.2136159432121	
9966.6282326798	180.304824258201	
7093.90598384198	147.735976992408	
39237.4179414473	777.700347127393	
4982.6176106435	77.1847469586646	
5159.62567256065	78.1171191483736	
8015.30490559526	147.515916614793	
4129.18645254103	64.2632365634199	
8615.64588325564	138.810669246595	
327.23883408471	4.49297373415902	
1236.11702327617	18.5498716309667	
927.940415684134	15.5369151179912	
2500.94853353221	53.2000026432797	
1632.30330235092	25.0463603588287	
1337.01159511111	91.6968732781243	
630.867766609299	9.92500042775646	
1222.82024618471	20.924543205183	
3135.32289213617	130.957829183899	
6275.5004351493	111.557526746765	
3134.11307369824	53.6482128081843	
3742.5199484569	59.5407175715081	
6599.14644208038	114.777302369475	
631.340887935949	11.2900099629769	
9414.56109029241	151.533709431533	
3768.10946268961	59.9223105818965	
2531.12122233142	39.7951255727094	
4079.24202951835	64.9487973132636	
10514.3564232276	192.492149828468	
7473.80060734577	145.666074182373	
41364.2737296177	804.026819649152	
5264.08288069069	83.2545331213623	
5424.05977309681	84.2602268094197	
8423.41964383377	150.350762472954	
4359.88307057414	69.3168789148331	
9079.60344664752	154.87197478069	
342.51423474052	4.84629989659879	
1300.21203809883	20.0086281402037	
958.219347769045	16.954644874204	
2634.81923594372	63.0259162862785	
1683.17696108716	26.8723996996414	
1404.07872991636	64.4733817316592	
662.480073224287	10.6485962169245	
1285.59732396388	21.8463907076512	
3268.89251626562	102.114709152374	
6641.83859154582	122.27241625078	
3295.73530482594	55.8366656769067	
3918.8719035883	63.8816154678352	
6930.04837760236	118.342480331194	
663.588643088588	11.5048906009179	
9912.96028083889	163.955758558586	
3962.15710911201	64.2910290043801	
2630.8806540037	42.6964439393487	
4287.94195636874	69.6839786833152	
11062.0846138918	204.679475398734	
7853.69523090776	143.596171488753	
43491.1295176717	830.353292170912	
5545.54815076699	89.32431928406	
5688.49387369119	90.4033345286734	
8831.53438207228	153.185608447529	
4590.57968857815	74.3705212080386	
9543.56101003941	170.9332804312	
357.789635367226	5.19962604448665	
1364.30705303792	21.4673847076483	
988.498279853957	18.3723746304167	
2768.68993832613	72.8518299583811	
1734.0506198816	28.6984390113503	
1471.14586472162	37.2498901560903	
694.092379853828	11.3721920206444	
1348.37440171395	22.7682381810155	
3402.46214039507	73.27158912085	
7008.17674791324	132.987305813003	
3457.35753589543	58.0251184583176	
4095.22385869059	68.2225133641623	
7260.95031312434	121.907658292912	
695.836398241227	11.7197712534107	
10411.3594713272	176.377807511017	
4156.204755418	68.6597474268638	
2730.64008564688	45.5977622477803	
4496.64188316092	74.4191599951591	
11609.8128044396	216.866800910793	
8233.58985446976	141.526268736925	
45617.985305842	856.679764809087	
5827.01342079963	95.3941054613097	
5952.92797428556	96.5464421315119	
9239.64912036899	156.020454422105	
4821.27630661125	79.4241635594517	
10007.5185733731	186.994585907087	
373.065036008484	5.55295219237451	
1428.40206786059	22.9261412168853	
1214.43933548289	22.9218480963027	
3365.51415169379	84.6684909192845	
2101.92773398012	36.5363750315737	
1751.97628259775	29.1679087094963	
842.414841841673	14.3449841852998	
1668.96761395037	28.5476400167681	
4144.14502721047	72.0987849053927	
8520.02391792485	163.665998610668	
4211.19108670973	72.429300256772	
4993.25134488754	86.4058679144364	
8860.14384176815	153.449468140025	
849.961781263119	14.6201148163527	
12610.749604064	222.740028810222	
5049.47529768106	87.2903797426261	
3329.13757493952	58.2264611730352	
5478.52168459212	94.4349903147668	
14126.9426000654	267.827195697464	
10012.9477320588	172.580027283402	
55459.3887224328	1068.58188204933	
7071.32345034915	120.869422433316	
7194.2508132779	122.353508253582	
11240.0952721946	193.062894803006	
5865.40063418215	102.65231775702	
12155.6985744974	230.915533786174	
447.093684590072	7.07857396628242	
1692.22744426224	29.077411221806	
1276.18313334824	23.9234797481913	
3514.79329590802	80.6626994162798	
2201.63499598857	39.478608086938	
1803.73853768106	31.0133972961921	
883.49893753184	15.2526085439604	
1772.6015879598	30.3538834850769	
4347.66821420635	76.6605615208391	
8895.39165527094	169.04491907917	
4416.98616923532	77.0119890221395	
5231.54656623956	91.872870863881	
9273.50128628314	165.32662831014	
887.774179311236	15.5451470345724	
13139.6537733963	236.380838265177	
5257.09897925844	92.8133468260057	
3493.18071181187	62.9790472448803	
5728.98456882103	100.410005456069	
14789.4392392482	283.170405135024	
10464.8680839455	183.499372680672	
58081.628727261	1175.88759213686	
7384.39712864056	128.516975833918	
7492.08202079171	130.09496149607	
11773.6561344354	205.278215871658	
6133.60465050209	112.958449404687	
12685.8225286705	238.016152870841	
464.920265076216	7.5264438346494	
1726.55681805918	30.9171739500016	
1337.92693121359	24.9251113709761	
3664.07244009315	76.6569078550674	
2301.34225799702	42.42084120051	
1855.50079276436	32.8588858537842	
924.583033192903	16.1602329171728	
1876.23556191102	32.1601269242819	
4551.19140123134	81.2223381944932	
9270.75939255883	174.423839518568	
4622.78125181911	81.5946778166108	
5469.84178764978	97.3398738133255	
9686.85873079812	177.203788480256	
925.586577359354	16.4701792527921	
13668.5579428449	250.021647894755	
5464.72266095225	98.336313967593	
3657.22384862602	67.7316333167255	
5979.44745304994	106.385020626476	
15451.935878431	298.513614514377	
10916.7884358321	194.418718107045	
60703.8687320892	1283.19330222439	
7697.47080694651	136.164529249072	
7789.91322836373	137.836414796766	
12307.2169967345	217.493536882102	
6401.80866685114	123.264581081457	
13215.9464827855	245.116771955509	
482.74684556236	7.97431370301638	
1760.88619179791	32.7569366199896	
1399.67072906438	25.9267430083128	
3813.35158427828	72.6511163520627	
2401.04951997637	45.3630742267706	
1907.26304787677	34.7043744695839	
965.667128868517	17.0678572758334	
1979.86953583313	33.9663703343831	
4754.71458828542	85.7841148390435	
9646.12712990493	179.802759928862	
4828.57633431558	86.1773665237706	
5708.13700906001	102.806876791874	
10100.2161753131	189.080948650371	
963.39897539292	17.3952114564599	
14197.4621121772	263.662457407918	
5672.34634258784	103.859281050973	
3821.26698549837	72.4842193885706	
6229.91033727885	112.360035796883	
16114.432517672	313.856824010145	
11368.7087877479	205.338063562522	
63326.1087371502	1390.49901254475	
8010.54448522336	143.812082635122	
8087.74443587754	145.577868155669	
12840.7778589753	229.708857950754	
6670.01268311287	133.570712700021	
13746.0704369587	252.217391098384	
500.573426048504	8.42218357138336	
1795.21556565305	34.5966993481852	
1700.96959891089	31.9143347296631	
4600.46834181412	84.9593988968991	
2896.68917655945	55.6048351863865	
2299.66073780088	42.8035879740492	
1166.79645882687	21.1638666514773	
2358.53603779105	42.2258056350984	
5752.26852396736	106.235479586758	
11607.0013180433	218.433308065869	
5832.81560754403	107.088600780116	
6891.21546887327	127.259830973344	
12175.1842303202	232.36378072761	
1162.99598495243	21.4735150220804	
17134.2432684614	323.294912464917	
6856.87661712291	128.54229088407	
4630.4975473322	89.1268160485197	
7538.74262436875	139.161972532747	
19408.7269799202	379.230284132063	
13733.4216963791	254.150348919211	
76085.3256121045	1647.36113650724	
9640.40161961748	181.595667163492	
9767.96755607938	180.333793337923	
15469.4146401598	284.549363248516	
8039.98917082208	162.287061393727	
16603.3758225385	307.718622090761	
601.377189799678	10.4369390319334	
2233.52578602498	42.6639229408465	
1773.48188993346	33.5691929067252	
4779.74490227643	89.3648096825927	
3016.20483852457	57.6601983048022	
2397.34194468474	45.0230879650917	
1216.62582477438	22.2612794023007	
2427.29288915871	44.4153458229266	
5995.56399119319	111.744121764787	
12040.7081425947	228.149137634318	
6060.57840550784	112.641479994636	
7172.76761174435	133.858651592163	
12656.3414259581	241.565576114226	
1213.23952282546	22.586983977817	
17850.9873896255	337.811724923085	
7133.37550277356	135.207611019723	
4824.92503512185	92.3452887218446	
7860.26423642761	146.377956407377	
20177.8823301429	390.931625792291	
14300.8712010342	267.328840040136	
79022.1656541107	1642.6965482533	
10032.6251417428	199.60301334504	
10168.2687063003	189.684664946981	
16072.0532435225	299.304138519801	
8356.43683260423	165.697858610656	
17300.6858699373	323.674795916304	
628.152027493343	10.9781270148233	
2383.21166962851	44.876180938445	
1845.99418094149	35.2240510546835	
4959.02146276785	93.7702204682864	
3135.7205004897	59.7155614523217	
2495.0231515395	47.2425880143419	
1266.45519070735	23.3586921531241	
2496.04974052636	46.6048860398587	
6238.85945847724	117.252763942815	
12474.4149671751	237.86496714456	
6288.34120338433	118.194359121844	
7454.31975458632	140.457472181879	
13137.498621596	250.767371442635	
1263.48306074215	23.7004529772094	
18567.7315106732	352.328537381254	
7409.8743883078	141.872931155376	
5019.35252296971	95.5637614824809	
8181.78584851557	153.593940340215	
20947.0376803656	402.632967510726	
14868.3207057184	280.507331248373	
81959.0056962334	1638.03196023218	
10424.8486638971	217.610359526589	
10568.5698565212	199.035536672454	
16674.691846827	314.058913732879	
8672.88449444459	169.108655856689	
17997.9959172779	339.630969741847	
654.926865143352	11.5193149540573	
2532.89755317383	47.0884388778359	
2074.25551761116	36.8789092026418	
5558.19830353721	98.1756312539801	
3515.34879399696	61.7709245416336	
2806.21899093967	49.4620880344883	
1423.28393692151	24.4561048602918	
2775.51603777101	48.7944262276869	
7013.1142026512	122.761406120844	
13963.1155923707	247.580796683906	
7038.02997531602	123.747238278156	
8363.40356612345	147.056292771595	
14715.8231820795	259.969166887458	
1417.24237785093	24.813921932946	
20839.2359600984	366.845349897631	
8322.19980889931	148.538251407444	
5626.6385645431	98.7822341558058	
9180.08708313573	160.809924214846	
23443.332414492	414.334309170954	
16667.1012011648	293.685822369298	
91605.6012354093	1633.36737197824	
11675.5974419939	235.617705679033	
11848.8158782711	208.386408397928	
18659.3315185746	328.813688887749	
9716.65070115705	172.519453044515	
20198.5571018886	355.587143567391	
729.810132528655	12.0605029223952	
2877.54386372399	49.3006968754344	
2299.16087363381	44.8213316849433	
6163.02325681318	119.286910048686	
3885.45304405852	74.9170350609347	
3085.78076114645	60.7510644476861	
1576.25644013751	29.8984968103468	
3046.23840548447	59.0737003658433	
7770.02628718037	149.801759282127	
15459.8001780978	297.112542233663	
7760.98956904025	149.240942235338	
9261.12862411537	177.015372697497	
16251.6268902691	315.582235343754	
1557.07749194698	30.301287129987	
23012.3951425194	446.631378843449	
9237.00565379113	180.601252417546	
6194.25196378143	120.070117292926	
10132.8238909191	195.863868255401	
25891.5007822216	500.990399450529	
18416.2812439608	356.958300777478	
101162.486643414	1955.76819044072	
12898.6910537642	274.928959363024	
13082.8982015373	241.024600807577	
20612.4106615316	399.390050151851	
10745.5807798833	208.449427795131	
22337.5732418499	432.714925147593	
787.461184329004	14.8139808879932	
3142.23659748677	60.6471169739962	
2384.27569202031	46.7721010209061	
6396.43093675841	124.47866218281	
4020.64074540976	78.1776666990481	
3163.66367379669	63.3951472700574	
1632.61703200988	31.1997761018574	
3126.27977516968	61.0098426113836	
8048.19049377693	156.321616377681	
16020.9983296227	305.757211521268	
8009.75008169189	153.924351878231	
9596.42417391296	182.190466031898	
16795.6693404703	329.317394993268	
1599.65972538339	31.6200971428771	
23766.0128999851	466.070221096743	
9587.14399981545	188.461603072938	
6379.87752465415	125.295957172057	
10466.6177843465	204.3884973682	
26785.4446540005	522.795122000389	
19051.7272995785	372.494280571118	
104717.498468352	2040.88954790495	
13347.8253674984	276.343607081799	
13517.0927636791	234.940611873753	
21324.4307092391	416.772796947043	
11122.0259321271	217.521821090486	
23116.5365551133	451.548078330234	
795.917273237137	15.4587332508527	
3203.80675350316	63.2866756641306	
2469.39051042136	48.7228703277651	
6629.83861670364	129.670414316934	
4155.82844679011	81.4382983953692	
3241.54658644693	66.0392300924286	
1688.97762388224	32.5010553788161	
3206.32114479668	62.9459847405087	
8326.35470040259	162.841473473236	
16582.1964811767	314.401880779769	
8258.51059422712	158.607761462918	
9931.71972368145	187.365559337195	
17339.7117906134	343.052554584574	
1642.24195883435	32.938907170319	
24519.6306573343	485.509063291829	
9937.28234589798	196.321953670122	
6565.50308543956	130.52179699298	
10800.4116777738	212.913126393687	
27679.3885257794	544.599844608456	
19687.1733551379	388.030260335654	
108272.510293173	2126.01090525277	
13796.959681189	277.758254786022	
13951.2873257627	228.856622823514	
22036.4507568302	434.155543684028	
11498.4710844292	226.594214385841	
23895.4998682602	470.381231396459	
804.373362130718	16.1034856137121	
3265.37690957775	65.926234354265	
2939.72846661927	58.616123496904	
7864.33582066093	155.97779469681	
4951.86550723156	98.2162096479442	
3872.86174975452	78.6406789557077	
1983.38629242789	39.220642647706	
3806.9518354896	75.1195366610773	
9858.283965179	195.215026265942	
19669.4915164262	378.499236423522	
9810.32293877797	189.994462096365	
11750.4599433159	223.719479836291	
20577.2827516776	411.788924073335	
1961.67449730274	39.4983082223916	
29025.5716471584	580.2490580827	
11824.1638463223	235.974008275662	
7785.54020432057	156.300246220781	
12801.753910433	254.424684360856	
32764.5012768335	652.726837026421	
23321.6082956642	463.428932649549	
127992.938420153	2544.59370684344	
16325.2085672866	324.693799047964	
16542.6187384292	276.239213650115	
26111.0114548937	520.496308337897	
13620.7474609546	271.649356029229	
28321.7571884161	562.531846691854	
944.31412803533	19.0914957056521	
3849.95249187341	78.6149982595816	
3039.03242557135	60.8920319064055	
8109.91320764879	162.033998232801	
5117.0027271146	102.029684232548	
4041.95135860937	81.3616244995501	
2021.9887921412	40.7434760418255	
3941.21541382628	78.124614286935	
10182.4562328984	202.794707322028	
20277.060520777	398.427454463672	
10141.9557387708	197.623693617061	
12107.4468108127	230.02305344562	
21248.3026150148	427.777594421059	
2038.75663457438	41.0319226211868	
29994.0597451641	600.622926256619	
12198.6469072872	243.264166463632	
8049.55959046492	162.368969671661	
13201.4870559797	259.532297117403	
33817.6112048095	678.070486697834	
24067.1517637966	474.206304381369	
132135.205260012	2643.39352282695	
16845.9602170915	337.300796978525	
17085.7342698146	307.194640510716	
26966.1951686721	540.705797669943	
14062.1808018477	282.196779095102	
29226.3252476114	576.891101954971	
976.733057861566	19.8327677790076	
3968.96296262275	81.6674099187367	
3138.33638450888	63.1679403159069	
8355.49059454934	168.090201797895	
5282.13994696853	105.843158788048	
4211.04096743511	84.0825700433925	
2060.59129183996	42.2663094213931	
4075.47899210476	81.129691854585	
10506.6285005014	210.374388378114	
20884.6295250696	418.355672474718	
10473.5885387636	205.252925225068	
12464.4336783094	236.326627113158	
21919.3224782939	443.766264768783	
2115.83877183148	42.565537019982	
30962.5478431699	620.996794546954	
12573.129968252	250.55432470981	
8313.57897655107	168.437693180749	
13601.2202014972	264.639909873949	
34870.7211326109	703.414136311039	
24812.6952318707	484.983676084084	
136277.472099639	2742.19333881047	
17366.7118668964	349.90779493819	
17628.8498010836	338.150067429524	
27821.3788824505	560.915287118405	
14503.6141427408	292.744202219183	
30130.8933068067	591.250357276294	
1009.15198764415	20.5740398523631	
4087.97343319748	84.719821519684	
3693.34606925258	65.4438487254083	
9794.77116998169	174.14640536299	
6177.18995906762	109.656633372651	
4966.33211374865	86.8035155872349	
2406.54328578967	43.7891428300645	
4802.87874327041	84.1347694804426	
12314.2318204918	217.954069434199	
24494.5562146895	438.283890485764	
12307.174109621	212.88215671666	
14606.1298192362	242.630200751591	
25729.0725687053	459.754935116507	
2491.90988398914	44.0991514333291	
36423.9934533252	641.370662837289	
14741.0296450835	257.844482955988	
9787.41637096391	174.506416660734	
15959.1262624017	269.747522688704	
40825.513711432	728.757785982452	
29097.5096053735	495.7610477868	
159276.010601898	2840.99315479398	
20304.5005602762	362.514792854199	
20701.3830274227	369.105494231917	
32579.5565323788	581.124776508659	
17007.6745730184	303.291625255952	
35299.0775827784	605.609612539411	
1191.09335792018	21.3153119257186	
4826.78305392619	87.7722331206314	
3823.36845165992	77.9164100677008	
10120.6021149701	206.916453462327	
6347.65791526297	130.517589277588	
5143.23247602442	103.490822046297	
2492.70544489264	50.681829219684	
5003.73834749917	99.9786750180647	
12696.3117921841	259.412585292011	
25314.6562633337	520.587640727172	
12732.6839702146	256.29094892065	
15071.3618201844	297.530429204926	
26586.7726728902	546.381778432988	
2579.76592522755	52.4757747189142	
37696.9381120289	764.409640920348	
15245.8155012573	301.10490944935	
10125.2451465116	207.771665329346	
16495.2979508962	323.375195701374	
42201.3626199332	847.912136057857	
30088.985090435	592.838603653945	
164572.911915137	3363.63954714034	
20977.9654462764	408.705456822645	
21415.5328419292	438.708945526741	
33660.5714799371	684.438254509587	
17578.4807369055	360.150459426222	
36475.5300193792	730.951804725919	
1229.16000823898	25.4743204277474	
5004.10764367552	104.423530923668	
3937.48184056312	80.5528625496663	
10404.7546822112	213.917871878948	
6491.52818979928	134.933904395439	
5298.86170747341	107.029932987643	
2568.82058270276	51.3524893176509	
5184.56812377553	103.438678430393	
13025.5336174159	268.190311966464	
26030.2000808006	538.202730589546	
13105.572251894	267.184823489515	
15473.981672083	313.800112489844	
27334.2643089127	564.869662863202	
2656.94545437873	54.2513940890785	
38813.0711255362	790.516761888284	
15688.2313668611	305.765361466911	
10420.6414177315	214.802021597279	
16963.2214710582	334.852478350513	
43405.8952405467	860.993378853891	
30957.0893360942	613.708040618803	
169208.566334448	3477.4547975976	
21566.7900963163	402.367870585294	
22041.3924667519	453.553511353675	
34604.3824306689	702.875945251435	
18077.0333401742	372.336846863618	
37502.7419855469	764.1690269229	
1261.89401172451	26.3362933328608	
5160.21520388313	107.956903113518	
4486.49164312519	83.1893149879761	
11867.7428813244	220.919290382881	
7414.85941401334	139.35021951329	
6070.66959567601	110.569043958094	
2945.92488407216	52.023149386514	
5942.106410017	106.898681784514	
14860.176904971	276.968038611813	
29733.0585112504	555.817820422817	
14987.8364559263	278.078697971068	
17656.2177716696	330.069795774762	
31222.2613829654	583.357547235209	
3035.70509614656	56.0270134155871	
44253.0551774544	816.623882739805	
17961.1456305138	310.425813426264	
11906.0205442656	221.832377777901	
19379.4028816337	346.32976091234	
49472.8710997151	874.074621649925	
35316.6822738131	634.577477554558	
192619.573344826	3591.2700482877	
24574.9206546607	396.030284333392	
25169.9869217118	468.398077180609	
39499.9548470951	721.313635876868	
20631.4414169465	384.523234330118	
42799.5359327178	797.386249061674	
1440.02558010106	27.1982662525261	
5927.78387392173	111.49027524516	
4701.83726708638	98.1950391578721	
12476.3779269997	251.671643316513	
7822.12710782187	164.221738174092	
6399.41722885123	131.012032477884	
3104.25485303858	62.8795140655711	
6232.09066770505	127.285292808665	
15660.5125107744	324.934844073141	
31326.9920887542	653.125110577093	
15755.4276510491	323.723945388338	
18616.4432502992	389.019633090356	
32894.7037571343	682.000626809895	
3182.66977611347	66.3884966343176	
46544.727227767	960.15937672928	
18932.6357023674	371.817343286239	
12549.0020847938	261.232238088269	
20398.8090967759	411.170175822917	
52086.9036127697	1040.5937982141	
37164.0507055272	751.270280219615	
202748.91614099	4161.70562617481	
25882.8413948067	491.537425812567	
26480.6786709814	535.514218674507	
41618.424891145	850.99241201533	
21717.0271106879	448.421162320301	
45070.7877876703	926.047758024652	
1520.1736005838	31.9120087369811	
6255.03149529686	131.811871193349	
4802.08283796674	101.231319466024	
12782.7696906752	249.50186710339	
8039.05558478436	169.299624394625	
6570.86540479213	135.097128659254	
3185.29029755155	66.0189314221498	
6364.55938839936	131.291457044426	
16085.9148481686	333.723244606517	
32165.9261012392	671.672046999447	
16131.9863390236	327.462918794481	
19133.5789279838	401.048475556308	
33773.7250910723	697.261559835169	
3249.73730166676	68.4412896080175	
47724.9534022994	987.769793486223	
19439.710332721	386.079072079156	
12890.7820212189	269.309777533635	
20921.659748652	424.373062851373	
53468.083363201	1082.48541178182	
38119.7758420312	775.240069779102	
208127.807911951	4228.92787586898	
26580.8217671729	529.816727212165	
27148.9000273868	532.953594985884	
42740.6145495479	877.779663889669	
22279.6250998508	457.165424653795	
46260.7493494288	938.718077959493	
1564.48187144997	32.8987571992911	
6426.05687305331	135.887614742387	
5432.41482862504	104.267599788727	
14513.5005395277	247.332090890268	
9121.62830561283	174.377510556951	
7443.1705699244	139.18222481152	
3609.12588862993	69.1583487787284	
7214.66992533533	135.297621251084	
18246.3337568624	342.511645052582	
36510.5136950442	690.218983450904	
18293.9710697974	331.201892258832	
21735.3150402487	413.077317993157	
38357.652316452	712.522492918652	
3683.57818428194	70.4940825817175	
54174.4331507944	1015.38021018496	
22076.6344847507	400.34080093028	
14630.288764718	277.387317008106	
23764.3438392261	437.575949938037	
60591.2160146981	1124.37702534953	
43215.1310641202	799.209859280381	
235481.794913416	4296.15012544673	
30127.3607015173	568.096028582659	
30792.4310166854	530.392971239053	
48427.2650452913	904.566915822215	
25258.5258276667	465.909686958184	
52475.0074137119	951.388397836126	
1795.84643238923	33.8855056470493	
7312.15625168988	139.963358175009	
5721.60186660767	121.55472280574	
15294.2124759429	292.706148233265	
9603.46902775927	200.792643387103	
7801.58215551637	162.972864607582	
3805.16693997197	80.7560607790947	
7596.96250755223	158.73722237302	
19175.4448980791	401.724546274636	
38418.3626881277	808.679915120592	
19263.2601102523	391.133911529323	
22862.0119922853	479.194403684232	
40362.2141641681	811.451728863176	
3880.00700960401	69.5239542401396	
57070.8930572728	1190.42732700473	
23256.238277012	472.208270861302	
15373.4889026673	321.557597228093	
25016.0413765698	506.551867321832	
63745.9643093753	1320.15537389088	
45490.1571913506	931.423045287374	
247728.581023053	5002.34436499886	
31715.8417023893	667.994971867302	
32406.0179780354	635.167290223762	
50934.216126916	1055.47319154721	
26580.3088413668	546.381053485675	
55234.9704213557	1124.91150276037	
1897.36196197919	40.1241209037835	
7710.98216547398	163.902412052266	
5868.89028472069	125.017316036974	
15685.7894247514	301.925221807323	
9843.31406414276	203.015544393566	
7957.58704232867	166.91482233	
3907.7536308323	83.0564681964461	
7785.74470608146	163.323838816723	
19613.1060605403	413.279479602352	
39345.2646145015	831.861806684174	
19744.3316749413	404.987625253852	
23399.2647549603	486.824100429658	
41329.1024846258	805.02077715937	
3977.93199948501	56.2762106274022	
58518.7129054102	1224.74488941953	
23845.3115361626	486.189979652409	
15719.7496642766	326.273008686258	
25623.6681992596	510.929357638815	
65299.3698880891	1358.48265426466	
46620.2746795316	950.694164144807	
253865.740951733	5118.57462418266	
32512.4082664261	687.02339642914	
33196.0408163723	664.816762087867	
52162.2991926852	1080.88910300285	
27231.2446386204	562.398619716987	
56597.9954047361	1166.60462750588	
1946.57605820976	41.2670917867217	
7912.01607958646	168.571316404268	
6725.160896327	128.479909268208	
17912.3252916615	311.144295352278	
11276.6919433197	205.238445429131	
9067.85849042353	170.856780023314	
4502.83024035161	85.3568756574532	
8870.24797152844	167.910455231322	
22427.081318252	424.83441287186	
44916.725652176	855.043698247755	
22571.6034509242	418.841339007486	
26713.041459443	494.453797145979	
47135.8332264936	798.589825513773	
4548.14227175666	43.0284670146648	
66744.2970136181	1259.06245189253	
27224.6254877537	500.171688385308	
17918.8294266642	330.988420144422	
29273.6840830767	515.306847984903	
74366.1260397639	1396.80993469665	
53160.0652383349	969.965283060446	
288640.213892213	5234.80488348287	
37008.9106523956	706.051820976427	
37924.9607542297	694.466233893763	
59453.7788086454	1106.30501440028	
31060.157727683	578.416185919195	
64531.7466791021	1208.29775219318	
2207.83086278243	42.4100626987638	
9051.1246471433	173.240220930893	
7010.82508022955	149.801052422845	
18626.5733283362	363.258273719111	
11749.0551817173	242.719951405888	
9409.10872913082	199.492402694887	
4693.19025592995	99.8981668963097	
9236.45751882577	195.287006878061	
23363.821154664	493.754355731653	
46732.4872946192	960.811923694564	
23502.7376383659	490.780003194232	
27827.8660095821	580.327761737863	
49046.6557695763	965.290159510914	
4736.77864560159	69.8390486941207	
69411.6651662043	1459.95624153875	
28262.2443235596	585.724176547956	
18624.2489095894	387.068784242729	
30483.9496574132	601.751870824955	
77380.456777988	1619.14515256649	
55308.1098629336	1127.9954087222	
300232.664765557	6084.22474691179	
38501.9409138185	820.091005851282	
39467.8536747233	816.026001586579	
61859.0388505254	1281.73361875815	
32311.4479764481	656.357740284875	
67106.2513182405	1388.89856205788	
2296.66254072799	49.0054550318746	
9429.16408134624	201.986812462565	
7180.34128940781	153.507768758573	
19034.7516642651	368.423799867742	
12025.8234656358	251.199953840114	
9593.87309616432	204.476898332359	
4801.58357119944	101.962601416744	
9456.3278745336	200.507388159167	
23916.6963252064	504.247901204508	
47784.6446304757	946.332864637952	
24048.2993211481	504.091617593076	
28493.3209177107	599.220012110891	
50164.4930081675	1018.26307550073	
4847.81772489077	88.4701645700261	
70952.7723565116	1489.20556850499	
28827.9705953319	599.585984367877	
19025.7534299453	397.65037689358	
31197.1611613408	613.535964337643	
79163.0778801045	1653.99951220024	
56564.0868686023	1150.9427864512	
307113.019690849	6220.13792442158	
39384.8823425651	841.760928189615	
40363.0139230518	838.373610808048	
63270.0099261128	1306.00761825917	
33039.0458789188	652.506003738381	
68593.3914517518	1400.98673850298	
2350.48484914296	50.3003654739587	
9652.58825710043	207.324071961921	
8326.7388780223	167.308158343076	
21994.121461903	399.899260868551	
13932.8572550148	276.480513071874	
11110.5864027049	222.781847376609	
5528.23813739815	110.377242861432	
10964.3159152765	219.059386319714	
27608.8244702551	547.711642022477	
55193.0603540386	997.714078868739	
27819.609372993	551.094384194585	
32884.4062061398	656.89145057695	
57984.7127150861	1139.89113550633	
5615.16483667947	113.703360242653	
81846.989739628	1614.93500025244	
33349.3518708274	653.342438919935	
22011.9636626914	434.513732732739	
36077.1985010942	668.806428177049	
91224.1118706297	1794.83817867003	
65263.4580555023	1250.73302935925	
353099.789185799	6758.94168368541	
45332.393939927	915.654322365299	
46649.211213633	915.98783864174	
73022.1638961812	1415.84369976772	
38134.5544466749	693.868741480401	
79156.0597469797	1506.30059186369	
2719.03433502303	54.8582042538328	
11194.0628197626	226.280139759183	
8528.62008557713	182.485159122734	
22508.4330890677	451.770746149123	
14260.963844863	297.161014488665	
11381.5709818155	242.86027517519	
5662.07923361799	120.99883594783	
11190.1054257469	204.777134320466	
28217.0079310017	597.854704363272	
56507.3165423528	1127.12241106783	
28440.781976271	605.841875541955	
33634.621382429	708.246871596202	
59345.8296491881	1235.14047189383	
5749.45424383623	124.254295966239	
83725.7024360588	1766.16882218514	
34133.8061339338	707.039552624337	
22543.4089116752	478.767888387665	
36904.8588622827	747.632114740554	
93344.1157595371	1926.20919371257	
66790.9592005308	1379.59466408938	
361398.128747009	7362.7137739677	
46360.3444556938	963.737979196594	
47755.6617173832	992.203989822883	
74717.4524836591	1485.86671467638	
39044.26880955	786.697915929835	
80998.0882956297	1626.32731685881	
2782.32090947859	59.9462873942684	
11393.8682925072	179.80568256462	
8952.73816186818	186.491472224589	
23627.4830821203	474.720093101496	
14971.8951673131	299.168306955835	
11959.5981859602	248.196429718519	
5949.46541410172	124.608208774589	
11720.0251255999	175.338484172244	
29584.5015082741	611.534926574677	
59314.8081194377	1184.44457632722	
29830.823205848	623.339868907351	
35286.0966521548	716.550572105916	
62280.0265769474	1253.99410567479	
6040.98963428987	127.317801714526	
87823.2193438453	1810.77124812873	
35827.2702360991	716.521331865806	
23682.2231321421	493.980153463781	
38721.8957572477	778.535948396893	
97874.4667908177	1940.00946474262	
70063.2504636305	1423.62997320015	
378808.533474221	7520.72240517009	
48582.7734729392	953.643517190358	
50126.1535825906	1007.1527370601	
78345.2583120088	1460.60036227573	
40980.2278732532	830.014020059025	
84965.632182837	1643.20420403965	
2920.3770760214	61.4242708688835	
11911.6932545439	117.478135216516	
10040.906496215	215.906734461896	
26559.3727554369	559.60085708648	
16826.5360537625	346.396994835231	
13459.5221969648	287.78329573106	
6696.19392609457	145.077318054973	
13176.8884356425	190.855070075486	
33241.935012833	708.128770027542	
66594.5509723388	1403.12115722918	
33530.7675331132	716.559619177133	
39643.5878472403	819.825365266297	
69933.4031918552	1448.91012232983	
6804.37382386299	147.559330274817	
98581.2122773496	2082.69892580574	
40250.7495214231	826.707662257832	
26643.9289958507	574.095456919167	
43509.0382988856	913.550204451894	
109646.100531565	2226.2046415126	
78570.7421349071	1656.23613542994	
423587.003094843	8704.11069283728	
54397.8764810599	1083.12812779332	
56283.6218877346	1166.72750993166	
87780.2902152762	1669.73624465754	
45992.0068819774	982.136296865065	
95319.9142984231	1903.75086921267	
3283.27376527886	70.7804149278672	
13408.9613730903	111.572630470619	
10227.6604993676	221.598357209587	
27097.0719230245	556.659914145712	
17138.1764053658	360.731325461529	
13750.4900587082	296.324318594998	
6836.30120355519	148.511107690865	
13498.4686996031	234.343393822201	
33962.7855479775	728.051435115049	
67928.4733117092	1437.42248055059	
34204.2972630297	687.31819736422	
40456.4944351441	807.737495808396	
71355.5057407939	1481.68795258971	
6948.30273053958	150.233603722882	
100593.12117123	2038.66454167292	
41088.0599526572	840.806808613706	
27212.5540318375	579.828681977233	
44390.0645743706	918.991208542138	
111914.634647314	2282.49287873041	
80169.7804280266	1679.49784631492	
432379.43911436	8989.57882705145	
55527.1395783057	1122.76204992668	
57409.3798335525	1206.34881523438	
89584.4976938679	1764.25744697917	
46929.6315370593	1000.08026853902	
97310.1415475248	1979.47218478657	
3353.20633120136	70.7298095221631	
13772.5694345427	185.094614455011	
11021.1073104001	227.289979986381	
29211.0566647025	553.718971117632	
18445.4919953423	375.065656058723	
14867.6053266972	304.865341458935	
7377.61883827625	151.944897370413	
14582.3421509704	277.831717568915	
36651.3360208191	747.974100173451	
73192.7958643355	1471.72380390111	
36881.460887118	658.076775609516	
43580.5979913857	795.649626350496	
76903.6583948764	1514.46578273317	
7496.20415213576	152.90787720005	
108402.958649443	1994.63015759829	
44355.527786247	854.905954969581	
29367.2594401287	585.561906977091	
47858.7092997623	924.43221269059	
120471.726962074	2338.78111594822	
86329.6894069936	1702.75955728721	
464962.403380661	9275.04696138203	
59762.9095421726	1162.39597203094	
61888.9071873855	1245.97012042068	
96493.8128484646	1858.77864935901	
50549.6466447657	1018.02424018388	
104862.076311256	2055.19350030227	
3616.97205158998	70.6792041019071	
14902.6549633709	258.616598439403	
12012.3521865025	262.309748242842	
31808.1840208615	636.419857823057	
20057.7886231476	417.753375309985	
16239.6492567204	353.982583561447	
8033.45250236453	166.245614542277	
15871.7499347113	346.153494989267	
39898.4763589397	845.317229104694	
79670.9734121105	1702.69008781179	
40174.4707421167	753.074362291954	
47411.353598116	927.867417602101	
83709.863359516	1747.09351133788	
8159.3419292185	175.795198869309	
117990.899333556	2274.6602431871	
48360.364789085	1000.28125807876	
31993.6894100974	676.932978793047	
52121.7428221134	1070.82939706743	
130951.344151224	2718.26263377443	
93884.0361605398	1961.92620359943	
504844.485614798	10686.7860622006	
64950.7154053426	1353.38059724018	
67396.7596780858	1432.88454599679	
104962.480905117	2177.5202244753	
54991.1511802929	1168.38415979873	
114089.999357762	2380.49971341388	
3934.6361180942	74.5552674488863	
16215.5614572112	349.178747623228	
12258.8168937364	267.900656748679	
32417.2085503524	651.966559235007	
20413.936341909	378.071031591389	
16572.6538370072	361.517584999092	
8168.67547023867	145.037157155457	
16151.2418889906	351.411595824175	
40587.081431906	805.388300592313	
81207.6931609772	1741.62575724768	
40943.3436544205	786.855476617347	
48324.0833103482	990.369255916448	
85300.6572661689	1765.07690368453	
8298.16748879966	177.293012180598	
120267.875419406	2321.89544045832	
49287.2317461879	1039.65125384275	
32594.8027839186	697.400998382363	
53123.3035704936	1107.77558237896	
133490.911774978	2800.32960569952	
95679.9122736556	2007.73785379715	
514732.906053425	10828.3569589257	
66220.1899218489	1384.96972199937	
68675.2835786319	1422.83400247106	
106982.984102797	2195.42447064305	
56048.2933003514	1183.69138956768	
116253.671861487	2382.33697239775	
3998.32253978821	58.9767270430457	
16471.9065526733	359.901804302353	
13563.7223267113	273.491565239965	
35896.8973334704	667.513260705164	
22638.4401012037	338.388687872794	
18364.0359078418	369.052586465841	
9016.41916966764	123.828699797741	
17896.515416156	356.669696629979	
44868.407431466	765.459372050827	
89777.7710017108	1780.56142668356	
45338.4696712892	820.636590913637	
53446.8540417729	1052.8710942308	
94291.2511441973	1783.06029603118	
9183.34398086881	178.790825448232	
132896.743248915	2369.13063778775	
54562.1969788917	1079.02124983957	
36051.7874278303	717.86901797168	
58784.4347897626	1144.72176760319	
147245.378863881	2882.3965776246	
105668.365377467	2053.54950393667	
566622.861127602	10969.9278555345	
73012.8674845473	1416.55884674401	
75952.1922756685	1412.78345906176	
118114.658516075	2213.32871669438	
61922.0972239855	1198.99861936574	
128360.472348984	2384.17423143983	
4420.04923116474	43.3981866226532	
18234.8723561736	370.624860981479	
14345.4962406686	315.149792644661	
38017.4988385988	785.278410825413	
24027.9743245919	418.377463938668	
19432.2091114009	426.641833066242	
9536.19986586273	154.7489168006	
18960.6900118233	411.487539007794	
47509.3481632066	913.177196955075	
94969.053229026	2044.2850466643	
47988.3447278989	955.164837418124	
56542.7692286612	1206.86849972117	
99763.0750369281	2071.74509373726	
9724.87208795792	206.679319642717	
140534.826577816	2768.37032241747	
57746.6484307079	1241.3193010143	
38148.9583465736	829.286891501397	
62207.8440071491	1319.51131977257	
155636.643540638	3303.96533611929	
111753.753884637	2361.07982206158	
598489.933912992	12574.9765106011	
77163.6242577515	1624.96222475602	
80368.5991390375	1629.45766263874	
124908.186251181	2558.70973260608	
65493.8157137367	1374.88669840968	
135741.93011719	2767.18656119192	
4678.78021007346	61.42856090446	
19280.7577735512	429.697504034266	
14753.652886051	321.542118283105	
39145.6541023508	814.205556205707	
24796.0302947613	475.578984420281	
19977.5755100709	435.683383489959	
9822.30170244293	180.161697557196	
19520.4879224475	420.284482359421	
48954.3589802342	989.417836128268	
97710.0969753228	2071.67997339275	
49374.4421047741	958.628112246515	
58165.8005026402	1193.53567814687	
102678.227552678	2134.62641421938	
10014.4447238417	212.042610393837	
144558.913286193	2831.08385716332	
59414.6576237399	1247.8756015189	
39261.5045161219	845.404517574934	
64011.1630982719	1331.20829123072	
160132.096297166	3339.17789068073	
114998.378296441	2395.55249825935	
615780.107736355	12851.4718929073	
79394.3835078826	1648.75412233232	
82711.053744948	1666.84824717231	
128546.342403046	2622.21164861694	
67392.5779096899	1393.70140910614	
139693.216843239	2857.33444720972	
4817.43939511944	81.2197538034525	
19809.3390670256	438.73377435375	
16542.9048267979	327.934443892445	
43859.1341337014	843.132701556897	
27825.2594997466	532.780504843686	
22371.1087892298	444.724933913676	
11053.2129392668	205.574478342896	
21858.3448263525	429.081425740151	
54937.2541535122	1065.65847530146	
109353.420106316	2099.0749001503	
55364.4416761526	962.091387133114	
65089.2789080099	1180.20285651437	
114936.278243607	2197.50773458509	
11233.0187847547	217.405901144957	
161720.936275495	2893.79739190917	
66581.4926699968	1254.43190196529	
44007.8275128326	861.522143706679	
71735.318361898	1342.90526268887	
178779.597118206	3374.39044518396	
128541.349825246	2430.02517439891	
685829.424312222	13127.9672752135	
88586.7176616448	1672.54601993773	
92660.4988327017	1704.23883170588	
143656.510257861	2685.7135645696	
75363.9619563182	1412.51611988991	
156227.18479624	2947.48233316932	
5398.01983936923	101.010946731549	
22271.5125411632	447.77004478965	
17047.8566755337	377.384087696555	
45192.4417614646	965.510674606776	
28628.5887027625	584.227251907578	
23045.21841518	509.99436742859	
11412.3576396087	243.376521277241	
22521.0851614247	491.108715941664	
56646.8772888184	1234.96986267855	
112715.299510455	2430.45703112148	
57103.9416666608	1160.28366645332	
67112.0988863695	1392.34561449848	
118429.696855077	2504.74202097394	
11567.5007361715	248.720410250826	
166668.505626032	3370.62695482746	
68606.8746643141	1427.3004992865	
45364.5008286985	989.84213892254	
73956.7719992192	1554.31012209738	
184251.563584548	3867.54097975791	
132491.325338662	2801.47867882624	
706701.679507154	14991.8577886419	
91299.362664533	1934.62253818871	
95540.2592108003	2016.9173849863	
148038.575008104	3103.99508161936	
77676.9002948422	1631.25534358551	
161052.083476679	3406.34606452659	
5567.90227130114	120.616074593272	
23052.1993485163	513.183100847527	
17889.2361149774	384.686139703263	
47351.9423643884	974.270005186554	
29983.1696670735	551.746365963481	
24166.1449880048	518.644686409971	
11958.0417715915	250.290446929284	
23609.971714206	497.766286716796	
59339.253072656	1257.24932504818	
118100.396803813	2493.62798006041	
59903.1798606447	1226.05361332535	
70340.0818827213	1451.9406723557	
124076.227995509	2517.64437911334	
12128.5383618088	250.521920228493	
174687.229590549	3447.23266514484	
71935.6287267874	1430.61903741909	
47556.1809441715	1006.72739214497	
77505.2268473955	1587.19036233379	
192886.85630227	3930.49745680764	
138769.285179209	2860.1933309983	
739234.93727704	15233.5792565718	
95588.9556799375	1986.90011785948	
100146.236878703	2102.76586079272	
155034.756144159	3169.54466165043	
81367.0397393871	1665.68142888718	
168717.749091215	3477.7199527598	
5848.95550459623	124.854347392102	
24210.1483333972	523.414336144924	
19306.654754997	396.478593000211	
51174.4486200041	1082.56616001017	
32480.4926500074	692.587120021926	
26151.1991000152	483.914030017331	
12887.7778099995	250.774540007114	
25519.0683600085	530.414180015214	
64027.1644199966	1322.48726999387	
127398.245919991	2520.50574999885	
64805.01731002	1390.30312999967	
75916.8553700147	1550.61899998691	
134004.275539948	2716.66999999434	
13117.1481299971	250.003349996405	
188816.610199981	3816.64280995028	
77867.5676999846	1688.32031998318	
51383.4181400016	1084.43379000528	
83681.0993399995	1692.60447000852	
207816.985910002	4229.79119000956	
149635.705599998	3038.65279999445	
795241.237999988	16428.236000007	
102979.280999993	2126.99499999871	
108002.514170017	2168.96382998675	
167154.364610033	3355.651830032	
87800.3783999884	1798.66619998938	
182019.353089971	3845.30459000962	
6308.36080000154	96.7540000128793	
26125.8459999808	526.54342999449	
