#day,Werra-Meissner-Kreis,Kassel-City,Kassel,Waldeck-Frankenberg,Hersfeld-Rotenburg,Schwalm-Eder-Kreis,Fulda,Marburg-Biedenkopf,Lahn-Dill-Kreis,Limburg-Weilburg,Giessen,Vogelsbergkreis,Main-Kinzig-Kreis,Wetteraukreis,Rheingau-Taunus-Kreis,Hochtaunuskreis,Wiesbaden,Main-Taunus-Kreis,Frankfurt-am-Main,Offenbach-am-Main,Offenbach,Gross-Gerau,Darmstadt,Darmstadt-Dieburg,Odenwaldkreis,Bergstrasse
0,0.014494,-0.037472,-0.00664201,0.070192,0.001904,-0.01472,0.111257,0.034602,0.0714,0.015273,0.102149,0.015998,-0.21053199,-0.12389899,-0.032986,-0.11354,-0.127705,-0.00563199,0.051504,-0.034624,0.121794,-0.033774,0.049218,-0.140538,0.031558,0.057555
1.05,3.812536593,10.014928,6.37411312,5.079088,2.528288,5.0208,12.600545,25.116708,12.486677,15.00459,26.453848,2.548142,37.74147801,15.08339801,10.088396,16.27466773,42.499472,30.14163201,168.154384,21.300772,21.21719566,33.890487,17.558358,36.476685,1.2603338,4.94356829
2.1844620354,12.520244,33.336496,20.84997399,16.66216,8.30288,16.53056,41.593535,83.395719,41.624572,49.979663,87.578923,8.350972,124.60941201,50.15328701,33.330088,54.23962773,141.15238609,99.88708801,556.319216,70.516164,70.71711,112.219675,58.306902,120.726068,4.1000637,16.60495657
2.9631813526,23.925488,63.694744,39.8131674,32.001904,15.882032,31.81240708,79.730468,159.871552,79.883895,95.636778,167.720688,15.95657844,238.87998374,95.78759213,63.70762207,103.83135673,270.123025,191.16630401,1063.397733,134.915028,135.251212,214.77391117,111.471018,231.173139,7.9363598,32.037325
3.9291740768,50.139763244,133.659448,83.66209582,67.07740372,33.44472158,66.69909063,167.37459431,335.446294,167.550953,200.57106495,352.182581,33.566906,500.76314728,201.28899095,133.80756407,217.9951552,566.51234482,401.00083201,2227.414664,282.790265,283.929226,450.29776656,233.9076588,485.112092,16.5716543,67.01374657
5.1061414823,118.869142,316.613128,198.40508475,159.12248158,79.161936,157.87114126,396.21966842,794.52158011,397.15886494,474.85833695,834.02928333,79.57899004,1185.16439428,476.89486907,316.96976929,516.36810333,1338.25927482,948.24545281,5253.935095,667.710914,671.96576933,1064.33608422,553.497216,1148.092219,39.2894935,158.91106143
5.9160946961,212.813077081,566.71684,355.49595776,285.1297262,141.73696022,282.51164354,709.12876279,1421.02094836,711.30240448,849.21947611,1491.78942373,142.61194422,2119.06258385,853.83100169,567.38471998,924.2857798,2387.98200254,1693.76815041,9355.836393,1190.755346,1201.99516416,1900.79742478,989.0450322,2051.4659035,70.274962,284.70073786
7.0783844678,487.135503674,1295.80967939,814.41524527,653.60214975,324.75153825,646.49414481,1620.87417557,3239.57096996,1627.42121156,1936.48450148,3401.9978231,327.04790026,4829.30067048,1954.05100787,1297.32022502,2111.8771848,5414.43558527,3850.56562561,21100.4014119999,2696.831421,2745.43577033,4320.16110617,2251.1993478,4666.71957167,160.8705699,652.824284
8.0487488958,967.247364696,2568.47444985,1620.01257192,1299.62737735,646.18688203,1284.37296607,3210.77775379,6382.45721296,3227.90698838,3819.82462632,6706.3922109,651.04306461,9521.26978624,3876.40852517,2570.72217626,4178.37323253,10583.392378,7556.35823681,40884.868719,5263.132696,5433.16821366,8478.38066428,4426.916919,9165.40342475,320.0163868,1300.11651
9.0513571031,1952.088331393,5165.58158339,3280.38354429,2628.79260552,1309.84305082,2597.08203746,6447.3579581,12667.67641721,6496.39919815,7605.96469105,13327.55994613,1319.88000274,18944.7896056,7804.12436609,5166.05337498,8365.7975894,20708.24606273,14893.62806081,78682.037183,10270.177095,10894.91626433,16718.86559722,8761.0339302,18087.35354425,649.3089504,2638.92286671
9.9045996205,3517.987573111,9258.56316308,5942.20389447,4752.02217307,2377.73760383,4697.55632607,11526.088579,22228.85637129,11650.75964041,13420.87662053,23433.87117983,2394.74302022,33397.03651721,14002.88552687,9246.17078471,14881.201656,35608.40735127,25879.21928321,132132.353652,17594.009894,19441.13886883,29080.39743372,15316.2012678,31478.71358517,1181.5381913,4798.22326429
11.1095657783,7877.35121763,20425.06292247,13495.13243683,10720.48221239,5436.30244484,10639.25593924,25242.53520405,46337.69366623,25723.67427059,28399.57505416,49103.0430646,5459.582227,70526.18118551,30955.08019877,20312.58104533,32137.96858047,70763.84818927,52703.15417601,248987.35145,34673.059838001,42389.25161483,59396.04561356,31661.1585492,64330.76318767,2725.4127431,11010.97112429
11.9729889308,13573.699962889,34532.87945662,23689.89637244,18644.28231155,9635.10182017,18624.40462582,42283.3626671,73217.66822094,43514.59729625,45663.5231759,78039.96145887,9630.241287826,113157.21659316,52443.68605048,34157.44900836,52903.820939,106398.09125782,81246.55980481,355894.956837,51711.598708001,70645.50223316,91870.38921456,49595.9775774,99514.87838208,4896.2290264,19603.69528143
12.9465710891,23670.835843155,58292.25267446,42718.83025853,33036.94372676,17698.94846963,33436.76004455,70280.49628184,111355.33314163,73492.65117728,71239.39669011,119672.55793063,17516.888183305,176016.13013819,88795.79226292,57137.6541226,85498.8271718,151598.273029,119536.33662081,477619.016349,72954.126834001,116501.28992,135785.39104689,74559.076823398,147051.72444525,9245.698667,36306.66720614
13.8747719163,37053.990004237,87573.98142585,69992.08160714,52810.94739256,29800.90732214,54478.60460557,103641.798656,149240.481296209,110460.9218009,97975.142284264,161696.28243787,29053.242209348,241371.55691956,133866.58944082,84905.33093781,122080.32821067,191423.960549727,155304.605846404,574285.908902,91351.422833001,170287.49275366,177174.583018445,98840.895431999,191785.41789242,16262.1100767,61861.60075043
15.01224987,55971.587357155,125249.294059694,113085.36323356,82170.61995662,50348.825438873,87314.383684049,144842.594241209,187730.632798459,158039.219283229,126562.000518316,205064.142816567,47849.808136696,310881.57808527,192257.68772224,119774.839660333,164241.555239466,227775.039247182,189633.630332802,655570.814857,107904.908674,235504.46181917,217236.714286889,123034.022287799,235004.929628333,29743.6818188,106604.133023
15.8897261333,69340.769909067,149645.618272001,147202.752623742,103944.83540969,67977.746604394,112985.332609619,170576.881720367,208349.496888875,188837.798886153,142465.92882579,228561.146869433,63231.672374044,349404.104713187,230278.413046241,141869.017744738,189094.7626478,245911.320055,207318.302512002,694199.1756522,116090.828908,275608.989351332,238001.763638556,135822.2842914,257370.5607395,43214.0687985,146371.06219414
16.8748862938,80798.097115585,169335.145895385,179104.871819265,123276.108445972,85638.275527887,136759.743530126,190869.259317526,223251.3600831,213675.954076153,154192.271916527,245642.88685082,78011.101938609,377753.362774289,261059.074616801,159447.394873595,208013.6513398,258602.025858036,219863.734707521,720728.3316594,121798.0604272,306930.045289833,252780.235119367,145007.31331482,273270.627260683,58875.9580667,187493.933613286
17.8852426271,88483.485583615,182034.328896677,201891.575391055,136561.344181972,98962.558603267,153628.314385822,203769.542709831,232287.682624792,229678.895954674,161374.692877995,256030.727502177,88787.523769957,395103.013363085,280938.818585699,170681.440300455,219794.104079753,266205.999982673,227412.430165121,736563.1358391,125214.2532751,326728.03518625,261688.401299217,150563.58421542,282847.259091808,72376.1162522,219342.780138429
19.1102873565,93786.9284159956,190637.933706031,218163.461884436,145841.079104225,108805.860349566,165636.063411038,212455.006764484,238288.641034829,240507.801353302,166154.379825253,262932.541737317,96574.8002980565,406649.254856636,294405.413886358,178259.849171483,227663.2943275,271273.226498264,232428.67888224,747189.4537567,127492.9161078,340028.573032116,267611.791786372,154255.46278794,289211.667362833,83342.0259419,243270.301903843
20.1333753409,96182.4147960415,194514.640219508,225586.527444623,150042.607758772,113358.240297465,171112.477789164,216367.89169571,241016.144856442,245382.238553531,168320.119407811,266066.07025991,100141.375810809,411884.233612426,300467.378272504,181672.848353586,231212.597309193,273605.968999082,234722.25162304,752146.3778794,128544.1588443,346023.360286333,270319.499428172,155937.5165238,292119.764543017,88659.89137163,254414.155299586
20.9535503069,97343.0036066118,196402.638684862,229170.2383995,152073.026584034,115557.651750287,173759.336729924,218278.257805158,242369.789129352,247754.508233467,169390.10183229,267618.89438188,101862.04977,414472.368432831,303416.350616386,183337.085150155,232953.79217904,274779.675264618,235868.2879008,754672.33378,129074.2092706,348954.509895433,271671.724455511,156774.501168,293571.704417692,91258.22681441,259800.693799543
21.9527809301,98222.8493347422,197845.397795938,231864.015720193,153605.60071982,117203.954888248,175752.095509063,219743.171860068,243427.844574057,249566.298646521,170222.197085697,268830.640766461,103152.274157648,416486.572373875,305667.274509844,184611.244419967,234297.1490693,275710.063932185,236770.431855744,756700.09100721,129495.28163554,351206.304377733,272735.486312524,157430.478073794,294713.692151964,93197.07054501,263824.492220971
23.2055943487,98853.9507375375,198892.212511858,233770.132930684,154697.809893273,118359.238605746,177165.367238481,220811.218090679,244218.860221478,250880.060585025,170840.224580143,269734.665412359,104061.504911252,417983.947415138,307298.135454718,185538.224890896,235284.722398915,276417.82146675,237450.844837344,758266.40296343,129816.42188524,352852.077291793,273537.105567674,157922.521995336,295574.108822585,94539.69339042,266636.700275343
23.9481058586,99084.9008368477,199279.633709034,234458.045116166,155094.947124116,118772.376080182,177676.527859119,221208.345834591,244519.971365076,251366.020383845,171074.061824561,270078.134634349,104388.243208664,418550.959521573,307900.918072403,185882.19452443,235654.837099211,276691.504406349,237711.926842976,758880.42738653,129940.89003311,353465.424015423,273844.451864255,158110.3848804,295903.958057407,95011.78131246,267637.867627443
24.7712303351,99265.4997334022,199585.130165994,234990.36818399,155404.022440707,119089.803775777,178072.712852253,221522.574677344,244762.328033978,251749.075207477,171261.44560684,270354.203545306,104640.259266929,419005.596083761,308375.787459726,186153.951355158,235949.387608621,276914.273830726,237923.26418816,759385.12094392,130042.36863733,353951.538132117,274093.097697347,158261.912320614,296170.791681137,95369.506393516,268404.422869209
25.6693245605,99402.3333886837,199818.662883225,235389.168723561,155637.007787917,119325.769752744,178370.027595585,221763.659097182,244951.647370473,252041.782286769,171407.146392733,270569.545916751,104828.399125783,419359.313033851,308738.434009167,186362.117702722,236176.760070436,277090.346867018,238089.33493792,759788.09888709,130122.71112862,354325.142746645,274288.370738834,158380.540405116,296380.336964849,95631.34603523,268972.094372687
26.6332449343,99503.4658289572,199992.857056517,235680.481953829,155808.297734158,119496.736291833,178587.587806299,221944.162292709,245096.032288251,252260.029278235,171517.739985633,270733.536524078,104965.327771338,419627.966021188,309008.660849091,186517.716948122,236348.069675819,277226.244232229,238216.754502592,760102.35480456,130184.82690891,354605.357720877,274438.107891396,158471.215465956,296541.011652401,95817.955620161,269381.760104657
27.6554518128,99577.1967740421,200121.032579828,235890.365899083,155932.517351856,119618.895210071,178744.608432284,222077.482155455,245204.66029711,252420.55666592,171600.552108181,270856.734520241,105063.616426983,419829.254548139,309207.298314223,186632.452764891,236475.397665978,277329.709230312,238313.195600128,760344.08292548,130232.19868709,354812.687488113,274551.373858538,158539.586110872,296662.546349062,95949.052017068,269673.294502069
28.7330723789,99630.7915125827,200215.056234031,236041.153755268,156022.341694226,119705.93855986,178857.611670278,222175.641972728,245286.104344076,252538.267200008,171662.352345804,270948.969541746,105133.972529681,419979.559088172,309352.865354284,186716.791947274,236569.728885715,277408.190346241,238385.926831584,760529.290464546,130268.19104202,354965.603003783,274636.744858926,158590.957768458,296754.147706341,96040.893477849,269880.191921607
29.8681586622,99669.9206815022,200284.313713028,236149.993479182,156087.587668321,119768.261047351,178939.313369276,222248.209313848,245347.382746672,252624.942140295,171708.640997998,271018.270525666,105184.574285277,420092.202855212,309459.987602682,186779.043578668,236639.887024484,277467.909121611,238440.962743613,760671.595569785,130295.622307521,355078.8377718,274701.307569554,158629.691678975,296823.420496283,96105.563899826,270027.748903373
31.0668258013,99698.727187884,200335.739146873,236229.237138309,156135.385356025,119813.283023263,178998.893905985,222302.280352019,245393.825442178,252689.279184168,171743.570513631,271070.722640747,105221.289524642,420177.251515657,309539.456560827,186825.357567863,236692.469142652,277513.663861933,238482.903425878,760781.650233009,130316.671737224,355163.349397449,274750.481659263,158659.107241101,296876.180779284,96151.530177162,270133.938929867
32.3385623433,99720.1453386663,200374.292204145,236287.53230699,156170.755498759,119846.153675017,179042.791602487,222342.953803852,245429.336099735,252737.496767717,171770.166404273,271110.77623617,105248.208930994,420242.043294338,309598.981738626,186860.145030021,236732.244762326,277549.015063585,238515.14137871,760867.447555136,130332.959086906,355227.020162708,274788.259327118,158681.642602582,296916.712571967,96184.567169101,270211.183927155
33.6960852417,99736.2342079952,200403.483136526,236330.876313055,156197.204417421,119870.416717902,179075.478642503,222373.850205165,245456.73700955,252773.994810536,171790.606056378,271141.644118323,105268.160409176,420291.863298112,309644.014921021,186886.533213345,236762.622282701,277576.566682267,238540.143294317,760934.893009443,130345.671088885,355275.458889202,274817.542170018,158699.063878534,296948.129578707,96208.5868091825,270268.000123475
35.1557234042,99748.4403417166,200425.798335564,236363.438401942,156217.182964602,119888.517501855,179100.069394989,222397.542638826,245478.066845812,252801.888371243,171806.455903447,271165.64410477,105283.103162029,420330.51489731,309678.413795799,186906.741462897,236786.037424881,277598.220021779,238559.700207296,760988.337022054,130355.675229891,355312.657242892,274840.436403442,158712.649554525,296972.69174703,96226.2473119648,270310.242596575
36.7382286303,99757.786060252,200443.008925882,236388.136780276,156232.41605902,119902.155458124,179118.746468755,222415.869792524,245494.805196627,252823.395860387,171818.848151253,271184.456283853,105294.404086297,420360.748826458,309704.924173888,186922.353547363,236804.239851503,277615.368025807,238575.118666573,761030.995324653,130363.608168612,355341.472105689,274858.477138506,158723.328952037,296992.046430227,96239.3693023036,270341.966706511
38.4697492365,99764.9992338232,200456.384865836,236407.029029591,156244.126548119,119912.52102529,179133.051295206,222430.153965716,245508.031033129,252840.107375452,171828.60558,271199.304560682,105303.024300355,420384.565285133,309725.513221569,186934.506738784,236818.493906466,277629.036076786,238587.355632442,761065.252112746,130369.939087422,355363.960398103,274872.78861051,158731.781123272,297007.399962367,96249.2107466807,270366.003925082
40.3819133642,99770.5991908413,200466.838093687,236421.571528937,156253.183741011,119920.451720827,179144.075969815,222441.34720446,245518.530650653,252853.16438779,171836.32593971,271211.079939631,105309.642235307,420403.417442217,309741.592709812,186944.019021549,236829.713643638,277639.976900247,238597.111191366,761092.869314644,130375.012788572,355381.604621768,274884.192923508,158738.501417717,297019.63433228,96256.6455852765,270384.34062963
42.5071318228,99774.9518351,200475.013695142,236432.784411743,156260.198514671,119926.531657935,179152.586167072,222450.12391857,245526.865220336,252863.37442314,171842.435079327,271220.418058089,105314.732175027,420418.341266082,309754.160789728,186951.469590404,236838.548437842,277648.729553951,238604.885859709,761115.112191058,130379.076330712,355395.456278468,274893.27789883,158743.843806514,297029.380293959,96262.2776065903,270398.35912829
44.8582205854,99778.3028566019,200481.344387357,236441.352678273,156265.581181898,119931.15297343,179159.096090515,222456.936011336,245533.408248344,252871.278764189,171847.217034168,271227.742318131,105318.612589375,420430.027304626,309763.886942395,186957.2465343,236845.432544946,277655.650758729,238611.011759827,761132.809985854,130382.292805274,355406.219182111,274900.433374347,158748.043485165,297037.056315777,96266.5111455881,270408.986904082
47.3825659204,99780.8094980157,200486.104492596,236447.71914714,156269.59560591,119934.570435603,179163.937854542,222462.069034363,245538.389054593,252877.220991223,171850.847749615,271233.313320855,105321.489868731,420438.902864606,309771.196221075,186961.595555587,236850.638031342,277660.95372645,238615.690328083,761146.445803786,130384.759497737,355414.337049214,274905.896528758,158751.244331048,297042.91690728,96269.6108099468,270416.828002982
49.9474510807,99782.6096583013,200489.537974875,236452.265194208,156272.471262267,119937.000800067,179167.397921507,222465.778122051,245542.019612592,252881.506503165,171853.488272413,271237.371265168,105323.540760873,420445.35956645,309776.466027429,186964.735656338,236854.410751786,277664.840397985,238619.110104509,761156.487563041,130386.568883299,355420.207810362,274909.888635889,158753.579779729,297047.199385782,96271.7965698854,270422.393342466
52.4367385626,99783.8785432014,200491.966913089,236455.455142523,156274.494285254,119938.700605782,179169.827441531,222468.405806425,245544.609719137,252884.537747292,171855.368737999,271240.264663607,105324.977796172,420449.9588569,309780.192628319,186966.958839315,236857.089954832,277667.625550845,238621.555286883,761163.710924692,130387.86625208,355424.369695416,274912.742349627,158755.24730247,297050.260669973,96273.3149062189,270426.279558187
54.814102753,99784.7865273488,200493.709628084,236457.72941956,156275.939444344,119939.909384791,179171.560413918,222470.293230511,245546.480369856,252886.712421764,171856.724922071,271242.353520225,105326.001172261,420453.276405767,309782.865698708,186968.555023205,236859.018036963,277669.644123706,238623.324380973,761168.961560841,130388.806972884,355427.360726254,274914.806703732,158756.452472494,297052.475193287,96274.3888611058,270429.039745299
57.0865159304,99785.4546100811,200494.994835156,236459.398204281,156277.001517689,119940.794598568,179172.832545167,222471.686419978,245547.866996381,252888.316032475,171857.729142835,271243.901333902,105326.751469006,420455.73335171,309784.836471293,186969.732651356,236860.443289018,277671.144433171,238624.637581437,761172.873486782,130389.506459732,355429.569295962,274916.33882694,158757.346234504,297054.118750891,96275.1720847358,270431.0592097
59.2702896708,99785.959714174,200495.968077594,236460.657080129,156277.803712666,119941.461326724,179173.792510598,222472.742203034,245548.921438691,252889.530390793,171858.492074586,271245.077968957,105327.317063736,420457.600183207,309786.32874783,186970.624899377,236861.524657628,277672.287743195,238625.637202502,761175.85979624,130390.039648294,355431.243587482,274917.50490829,158758.026082575,297055.369665685,96275.760039443,270432.578930184
61.3805325716,99786.3502203909,200496.721667359,236461.62874036,156278.423507328,119941.975278968,179174.533640344,222473.560149669,245549.740495477,252890.470593029,171859.084320365,271245.991784301,105327.75339756,420459.049485417,309787.484012044,186971.315942534,236862.363145407,277673.17736706,238626.414355901,761178.186874972,130390.454706826,355432.541192379,274918.411562512,158758.554460668,297056.342180426,96276.2120934818,270433.749862107
63.4294008532,99786.6577365981,200497.315702338,236462.392758759,156278.911252985,119942.379009025,179175.116513167,222474.205151748,245550.38787201,252891.211741537,171859.552162974,271246.713904164,105328.096319584,420460.194235254,309788.394598298,186971.860832579,236863.024931608,277673.881437331,238627.029101681,761180.031135489,130390.7831803,355433.564586766,274919.128461519,158758.972101409,297057.111295922,96276.5664066298,270434.669013351
65.4263820622,99786.9034769941,200497.790794227,236463.002561969,156279.300664005,119942.700937446,179175.5817251,222474.721255924,245550.906700189,252891.804425162,171859.926930357,271247.292585663,105328.369901917,420461.111531047,309789.122746024,186972.296689277,236863.55471997,277674.446387997,238627.522016626,761181.512093208,130391.046836056,355434.383551855,274919.703399597,158759.30693506,297057.727986024,96276.8484542152,270435.401809261
67.3788751559,99787.1021745011,200498.17522584,236463.495100436,156279.615505306,119942.960818147,179175.957632131,222475.138983872,245551.327285508,252892.284021271,171860.230620448,271247.761619644,105328.590838362,420461.854811514,309789.711940022,186972.649450232,236863.983755655,277674.904780852,238627.921802843,761182.714812006,130391.260782302,355435.046538733,274920.169655927,158759.578396767,297058.228118742,96277.0758309529,270435.993079589
69.2926992009,99787.264417543,200498.48933705,236463.896993206,156279.872477654,119943.17272534,179176.264357447,222475.480376525,245551.671440076,252892.675876908,171860.479044121,271248.145373732,105328.771059353,420462.462866325,309790.193315525,186972.937723971,236864.334548722,277675.280155824,238628.249058572,761183.700353346,130391.43600415,355435.588446919,274920.551306928,158759.800555919,297058.637514677,96277.2610084335,270436.47511616
71.1724819058,99787.3979831772,200498.748062628,236464.227631138,156280.083966273,119943.346992801,179176.516731699,222475.761648046,245551.955261319,252892.998635779,171860.683870009,271248.461834998,105328.919298953,420462.964208089,309790.589797069,186973.175198012,236864.623648728,277675.589931039,238628.519034499,761184.514095452,130391.580620176,355436.034950408,274920.866143683,158759.983792252,297058.975229172,96277.4131473257,270436.871421394
73.021946304,99787.508703789,200498.962627239,236464.501559615,156280.259235966,119943.491313037,179176.725836448,222475.99494106,245552.190879426,252893.266295768,171860.853866818,271248.724519782,105329.042089818,420463.380316499,309790.918583175,186973.372155286,236864.8635066,277675.847223918,238628.743212904,761185.190346594,130391.700746309,355436.405326238,274921.127579606,158760.135922803,297059.25565359,96277.5390329876,270437.199560162
75,99787.6082560805,200499.155625587,236464.747743526,156280.416797161,119943.620972453,179176.913777898,222476.204822136,245552.403006624,252893.507050793,171861.006886617,271248.961007716,105329.15242891,420463.75488354,309791.214315445,186973.54933347,236865.079351634,277676.078981016,238628.945084726,761185.79969088,130391.808957998,355436.738556333,274921.362993139,158760.272896805,297059.508173502,96277.6520498837,270437.494310656
