#v_alpha	v_qq	Loss function value
0.197715085442	6.65417693723	254032632.011
0.204710012135	7.41704799712	13285541401.1
0.194666175301	7.1652379214	751723525.588
0.200024895193	7.3381205523	4627311113.22
0.203089762154	7.35601337321	8547946750.65
0.189645213491	6.97243181582	280376961.918
0.196864865305	7.34400299709	2538810529.68
0.206563533407	7.31389609629	13376607924
0.178934829671	6.41409569152	1535048246.85
0.211660314236	7.41162294389	36531830631.1
0.204905955399	6.73714735091	1167126014.04
0.176332067545	6.61945356786	1447802665.01
0.185677344754	6.50629347927	1034880683.52
0.207290683484	7.25049532045	12502020706.4
0.21019210795	6.55860443815	1622698831.08
0.215932534595	6.30355944422	1558053843.84
0.18986849566	6.55911232985	693236472.766
0.205712136986	6.85255803173	2347623848.88
0.176387583884	7.14176267993	831722663.071
0.214440174045	6.91463126951	14089358831.4
0.221719732857	7.03834420843	56053875476.5
0.201059683708	7.17972298816	3269511372.55
0.188567187802	7.32745650875	361721417.765
0.213228582332	6.9987121468	15105909083.8
0.213816775976	7.30410845117	37831548983.2
0.193799655309	6.37516953139	699947664.817
0.186648135737	7.40996477748	329866754.994
0.182337332981	6.63315272193	1078018000.86
0.193349112974	6.3011720262	836202249.314
0.18678034847	6.41099083996	1095508785.43
0.193144086676	6.79684923513	279114492.313
0.192323211449	7.08815401702	327448719.961
0.20121911995	6.32873141555	348701361.689
0.182607979193	7.46137067721	252788438.938
0.218680846995	6.77791119596	17596561110
0.18191790818	6.48609131719	1289753767.9
0.224906609325	7.34709695567	167727208313
0.216984251783	7.37693671371	68397502580.5
0.224464138674	6.34357381822	9458297718.8
0.176251530009	6.53384809983	1543284017.07
0.201144506304	6.57520715121	268203683.715
0.207151063218	7.31269490604	14623535716.2
0.223868518753	7.31952747687	140364937177
0.223495256506	6.89785241193	49101244360.5
0.202936520196	6.27999546854	326052141.265
0.216760941279	6.83687791817	15820041810.1
0.202759530202	6.36471677553	272616610.5
0.183997701589	6.83230433395	711580952.311
0.203667529044	6.3761482693	255632256.219
0.206331896981	7.13092123837	7304374012.77
0.20335602805	7.14299577525	4463079242.74
0.204592774583	6.50036267184	342007501.648
0.204488009798	6.89001825253	2126904608.16
0.208881060361	6.64857358674	1874744197.43
0.210279873738	6.46061246144	991671294.902
0.216750970391	6.66463436425	8770799614.66
0.204715477511	6.92815852956	2607533643.44
0.186368651282	6.30437291929	1262729122.82
0.212555410059	6.71437035575	5093351277.88
0.211164545508	6.94369048346	9006126506.74
0.195556235796	6.70073722182	269113836.766
0.201317948046	6.41456303619	279352067.073
0.178334265937	6.86399590232	1041015449.06
0.177722394027	6.62940780984	1359263805.84
0.19216777422	7.49260156386	1597151611.64
0.183066438808	6.76853733386	854558391.137
0.20615475768	7.41768641048	16667935353.5
0.204366367647	7.08189290999	4350898218.39
0.219686572048	6.85354152827	25630570383.8
0.215373695839	6.74017617016	9103960448.71
0.200026268755	7.45753967896	6723644883.78
0.207130280334	6.89231223618	3653902952.97
0.221783843873	6.42166079864	8220895125.95
0.215391903959	6.79546464775	11013267439.7
0.178851929572	7.26239622133	535328422.549
0.209865034547	7.01700364188	9208082118.9
0.182608304304	7.37741952238	273821456.981
0.20149884427	7.11932787059	2855662828.49
0.213898788921	7.27793563551	35856415274.8
0.220435939533	7.25322456039	79905105492.1
0.200401826874	6.83755103575	656432877.231
0.202691206481	7.46529676727	10977580633.5
0.218042982066	7.37271854978	77514881549.6
0.219398245188	6.30324019647	3250701329.42
0.203939148815	6.35041662914	258739648.942
0.212517597185	6.68222954429	4462078273.03
0.213505566863	6.91080492101	12019766136.1
0.179266228892	7.19279006744	584929919.769
0.183126706285	7.48273100103	255438942.121
0.219361746216	6.31854634661	3465131399.82
0.177691388562	7.41197104556	454452526.286
0.177014431069	7.19095185985	732192376.619
0.222928994728	6.37890461739	8426951550.1
0.189004243562	6.34547907256	1047809216.37
0.181725617117	6.36038653044	1451297048.64
0.201775242369	6.51632718728	257352440.813
0.189493352026	6.71608170978	515227457.639
0.216596839146	7.38732912399	66630860700.4
0.216310569862	6.64063329334	7467204343.94
0.18126885796	6.40194503691	1427241266.41
0.212735080683	6.76760623795	6409753728.56
0.196054383285	6.48635991825	422821926.406
0.214259736375	6.40284189889	1829871795.79
0.185643702428	6.97751469817	442526260.859
0.218976494611	6.27261358966	2572391870.26
0.177538042945	6.28421846884	1734047392.44
0.221455903565	6.53987569911	12061856041
0.179628208247	7.18624732775	569658120.712
0.185595496369	7.33840707629	255695424.606
0.209973776718	7.2886064265	21024156951.6
0.216919079196	6.86193813998	17508778710.6
0.211170188531	7.40209507795	33342314257
0.180835040608	7.10938779949	580351186.037
0.219029502204	7.19308607827	57909563551.9
0.214257458291	7.43804325194	55152005129.9
0.184451314445	7.1389031108	354213943.708
0.208395559251	6.95349455362	5783808862.1
0.186112082058	6.5870422853	897594080.596
0.175763155023	7.49556096495	485463573.232
0.177802011074	6.95075026903	969086715.541
0.20294479398	7.26375918153	6186284203.78
0.193432345485	6.82086920007	263155799.809
0.178895127438	6.49634297841	1446531788.39
0.214870108785	7.4531419586	61845161492.2
0.198779429225	7.49860140542	6099435091.14
0.224580122621	7.02307503122	77792890654.6
0.197779903294	7.48007088177	4800840868.09
0.209541016015	7.22848809829	16724549772.6
0.197457650682	6.775171694	281982242.03
0.221089966205	7.25039398401	86149102757
0.186134109042	6.28626776973	1299587916.93
0.185628259233	7.4580446317	318388144.738
0.194905859348	6.96705829407	344858646.946
0.208467850797	7.31640707434	18074717200.8
0.222531088292	7.07415707112	68063590697.3
0.187161440714	6.58321640162	834805256.927
0.207505864335	6.37447303839	346117302.8
0.187190268166	6.30157864265	1218276615.07
0.18462061928	6.31648347155	1346226830.8
0.21635756578	6.38946371792	2665078393.41
0.196749024955	6.45020716256	428231585.727
0.217953469008	6.41432465279	4060992441.27
0.205949715827	7.39072568366	15024007554.3
0.185682010518	7.25524649309	257196663.363
0.200292002907	6.54957838659	253302197.617
0.224986408604	6.65122364388	29705116017.6
0.220208740302	7.04308278861	46484987883.5
0.203431586661	6.27288232985	314370802.492
0.215595388089	6.38252393121	2195112576.46
0.20211590909	6.44361249614	255597815.324
0.196185731584	6.52652106832	373979590.799
0.195063375036	6.27415001422	766993430.095
0.215505823352	7.03688829758	23775518541.4
0.19954314164	6.78840300567	421750575.459
0.22221057284	7.43063207398	145683808123
0.202455848435	6.94442341613	1730540290.48
0.206793875893	6.87025912697	3142166989.85
0.215303837357	6.56081380444	4590419422.56
0.221901331382	7.13607459021	73003862350.6
0.206599884278	7.13570542868	7768746019.32
0.208015958694	6.72647558097	2213627557.14
0.215746438692	7.39069466662	60150263812.5
0.201224935963	7.02053736403	1824230976.99
0.214477925699	6.25992787882	885801816.432
0.219390926212	6.62168761604	11575942733.1
0.193326952729	6.96234828475	269624667.59
0.215484779669	6.66307818653	7043755488.02
0.224632818903	6.48779424447	16650041275.2
0.175525744578	7.06687911314	977999271.551
0.176506955306	6.42178285441	1646277655.16
0.195542270873	6.37191603372	596474995.534
0.2089168421	6.37131992222	452428015.383
0.17902818154	7.42541339162	373909293.741
0.204344957675	6.61162205065	539359425.667
0.201471066903	6.79903323656	703163801.895
0.20648403909	7.13090697461	7498532698.73
0.175894818502	6.86080065918	1198508710.71
0.176247504117	7.40409621684	546789179.869
0.206719698251	6.25849381065	254387820.701
0.18685926733	6.32596934443	1205235801.19
0.212753517142	6.78882297035	6942557972.8
0.192015418813	7.40501415655	1097381660.95
0.191519308182	6.39394894046	818675037.979
0.217405203172	7.31245523331	62280805474.9
0.180464086033	6.28381032468	1600692873.62
0.18654599285	6.69381070994	725962395.546
0.195466912616	7.13902197447	811813031.578
0.207747556652	6.49622237863	661420461.487
0.189802948773	6.91839830854	306802057.467
0.210111037765	7.35940902059	25792678095.5
0.179259375889	6.60426740909	1300766572.59
0.18228037778	6.48297355045	1272553152.88
0.176174186244	7.34010565433	618814650.314
0.21558346849	6.63839771501	6534035230.47
0.219159767609	7.4218125492	99181874955.8
0.184393491217	7.34094920436	254223881.52
0.21057335455	6.52209629816	1478269017.95
0.192626299741	6.4914742472	612003527.476
0.220079971266	6.51879709585	8954354540.71
0.207788218173	6.49543327774	664996814.89
0.211832311188	6.32698625967	694179240.628
0.197684118417	7.48814465284	4836649563.18
0.187226167889	7.26917551689	261750478.024
0.192494052956	7.05175563883	301924355.392
0.219829087603	6.74468582098	18824722581.4
0.215548359964	7.15223486852	32685283402.2
0.178218060868	7.2548924801	582311905.194
0.208941663547	6.5668993153	1279696376.31
0.199234050382	6.59934111135	253204958.056
0.220716177116	6.32484212553	4590580547.18
0.223025849926	6.28759716369	5913489612.09
0.211341184077	7.47910959792	41029236119.9
0.204746061138	6.53520095546	409026501.361
0.197876479102	6.915446521	522249898.699
0.223039510018	6.96221327748	54786779881.8
0.177950323723	6.28682112878	1713124418.71
0.179583713305	7.0152459608	772119362.848
0.190357789883	7.20684594136	339446776.132
0.177743408273	6.90660103455	1026889411.16
0.18713344013	6.86471945865	479995928.86
0.19732653931	7.02574002503	757678720.013
0.216191287362	6.54473934797	5061178368.76
0.196627885602	7.18633635676	1306261351.94
0.215502111479	7.04577307492	24357795083
0.18918400627	6.6440302807	623728687.501
0.188859387146	6.98789610605	294098216.919
0.197760100141	7.35825101024	3201232120.76
0.183065373458	7.24371713008	333680066.123
0.200393159062	7.39528015832	5936233709.51
0.178054058759	7.26085468663	586085277.496
0.209901146197	6.64899376359	2328966022.8
0.207384494556	7.06739033894	7125754275.21
0.176867296988	6.6025141539	1437382381.15
0.184802327466	6.74147221872	776587358.505
0.181922889018	7.42821429075	267927290.677
0.189074210224	6.7845731102	460365388.849
0.213334854576	7.1702864003	25041587856.3
0.211435971798	6.44852220697	1238132366.45
0.191004319899	6.86701518474	300232175.242
0.196990307522	6.94672081807	490175473.554
0.210107312141	6.55835844922	1591165314.71
0.224518542633	6.84860956573	49229511905.5
0.215334942064	7.2116843568	36992165694.8
0.20660241361	6.34396660003	275459537.453
0.199237956847	7.25287624203	2964505945.07
0.18009941075	6.60761908628	1247255674.31
0.192105970378	7.10630610942	334345117.052
0.213719336469	6.67804431854	5462229293.37
0.180124762984	7.04620948047	699361002.158
0.17508180786	7.03979530738	1038975008.8
0.189202697794	7.06409143016	256658114.075
0.217206461055	7.36883042354	69091300095.1
0.201845633501	6.46646295114	254119108.356
0.214711681699	7.18318284434	31522184100.8
0.203638651067	7.22093240065	6097872989.65
0.190858949061	6.35647736303	915028193.576
0.201761584269	6.58671351255	294996127.464
0.216402776682	6.81038633239	13760304100.5
0.222186644904	7.30860602181	112212841950
0.190460845114	7.11187824337	270409110.249
0.21016605032	6.81966445727	4908162561.22
0.218849170562	7.49393671403	111244586957
0.178754689455	6.46194583671	1492222315.85
0.21962390074	7.40671541591	101647066512
0.218549733881	6.79595428725	18250462961.6
0.179960147762	6.61650665055	1244672587.78
0.194350256437	6.60811729251	377629878.227
0.19354050416	6.63562581645	388347847.902
0.191461737028	6.71533223238	408934744.004
0.179414810919	7.27724516086	486711351.387
0.194536826573	7.02990542942	406067288.327
0.220513332805	6.8718853133	30389481487
0.195369319718	6.46163168679	488827350.84
0.19364318749	6.70186650116	324598322.237
0.183869345325	6.89549511897	641114390.628
0.205174090664	7.42886929425	14761044626
0.186714780057	6.42318916884	1082950719.09
0.196813868922	6.31342915531	600675561.587
0.193327885162	6.78411395541	280962892.035
0.219067056142	6.35253734202	3817379254.22
0.18025381293	7.36120471057	367285804.927
0.210633530178	6.60295940869	2206535281.54
0.187314520025	7.4488756574	429009906.301
0.197536479516	7.0143608162	756417115.748
0.21105292411	6.77906244739	4955419045.73
0.190687656574	6.79526586684	368412396.119
0.220298116338	6.67550333376	16196491825
0.20520155296	6.87061182203	2276866168.55
0.218268799428	6.85680782592	21075823180.7
0.191863652728	6.29695665896	937339362.309
0.192564833231	7.30647808689	833603680.814
0.223658983202	6.81330331481	39722479560.3
0.199955925723	6.80492022664	507528890.458
0.218757086234	7.47049743637	104738839339
0.200532125243	7.35065191524	5289569638.89
0.209683111273	6.52771911387	1244939713.29
0.21350442406	7.02899593327	17236429808.2
0.214156951797	6.90399670143	13041392335.2
0.202371511484	6.72443149246	605980352.577
0.210226806138	6.93161268922	7382822923.75
0.188414122674	6.7670250822	517903872.711
0.177331729236	6.45828067621	1568653023.84
0.219835228246	7.01625904	41218180219.1
0.224905120734	7.31465171508	156773775363
0.183020712702	6.4724391306	1242237124.15
0.198325677812	7.08559662767	1257715229.89
0.180368123207	7.45179088264	301754901.997
0.194520278439	6.89602009898	267415005.69
0.191129231516	7.48273138861	1214198638.56
0.199515209911	6.64543376	265350087.494
0.19000270865	6.31744091137	1024921558.45
0.192684702329	6.40272370249	731453222.769
0.203622230889	7.2742001383	7195613819.46
0.216644719971	6.6823648165	9174485290.34
0.182433423158	6.33548238367	1442819253.79
0.184383750052	7.28971034763	268146262.557
0.188454368108	6.96717317465	321390675.904
0.178382068882	7.06713836815	788568545.32
0.187361969243	6.57021095729	839602973.251
0.1866319982	7.48988670507	431663055.027
0.199524476848	6.59988194077	253822351.728
0.198565263137	6.9905516966	872375621.648
0.203945038071	6.25084448445	314765828.392
0.198669921064	6.81920673959	400343250.469
0.204870993541	7.01540708452	3764795437.9
0.193081618066	6.47140205036	611057092.576
0.196479453829	7.06312356052	732789889.722
0.202208034097	6.73081185	601602161.294
0.207306210359	7.42314748987	20126015262.3
0.201672180796	7.03658454196	2144855778.13
0.218214549417	6.89851085403	23649012646.6
0.221985791159	7.06494680836	62035569405.5
0.188949215965	7.35300278221	428974015.831
0.19581441728	6.53794559289	379622449.906
0.175518092124	7.45002004255	544749644.297
0.177245791122	6.6268965913	1388917569.54
0.182199060611	6.37657337437	1406779855.92
0.206035163596	6.54912111787	582558217.641
0.199582776863	6.47275105824	290639684.143
0.21794937562	6.92978470741	24910911649.5
0.206835526071	7.46446031058	20858509857.8
0.220332593092	6.52812656582	9656989474.91
0.195267412283	7.42488505828	2436404273.68
0.210457169584	6.4605927472	1033196574.93
0.183654694968	7.47380599781	260534421.047
0.190648541153	6.93374566457	274084764.177
0.202736985796	7.2772292495	6223743508.09
0.195487591024	7.43044356475	2600298880.99
0.199445887934	7.36553846791	4542827744.81
0.195512361888	6.40465347485	553800858.981
0.202679377394	6.60413571578	364871019.881
0.21419888979	7.30155152882	39615480857.5
0.204057660093	6.35878871915	255750495.811
0.199190277729	6.61919771668	254170294.002
0.203530096729	6.59617245077	418578527.635
0.198820861318	6.47278522349	314982759.178
0.195687625265	6.68515145174	273172190.372
0.215625181372	7.4803301456	72369078258
0.207094988181	6.83340811279	2875906406
0.210469271905	7.42342613757	31834162447.2
0.201868194223	6.41982685365	265401035.563
0.193439843273	7.13636825923	494003881.661
0.180906769317	7.14012426753	541945263.787
0.207416970795	7.32293722799	15673559347.6
0.210445785744	6.78355400028	4506009528.04
0.215653476213	6.49096480395	3660939147.57
0.219959659188	7.4169746932	108253626758
0.223373102303	6.54839122295	16919498614.3
0.189237005562	7.27242175569	342345825.732
0.182477264346	6.29702905675	1485173309.27
0.198496976901	7.08484805255	1304095319.49
0.184022477497	6.63057425487	974110543.137
0.190768047647	6.53159830471	673715542.335
0.188031549852	6.63246007985	711779185.96
0.178237973461	6.6420287549	1315359137.37
0.221826655286	6.6230308884	17182777822.7
0.211516754454	6.80622435133	5954802500.56
0.212033775565	7.07510210157	15764535206.5
0.190710055703	6.29602162792	1011180411.62
0.193751617444	6.29427220587	820746806.078
0.176906019849	7.45666389236	456811514.162
0.186509469005	7.23973772463	252991742.963
0.214159221245	6.86803741058	11632522114.9
0.203764019964	6.34130472317	264002336.582
0.177003938253	6.90968391405	1070475806.28
0.188080884739	6.62863886435	713731438.821
0.213305914957	7.11836400002	21642473880.2
0.211484678243	6.34549405151	708356705.073
0.220768625305	6.76817910477	23237524210.1
0.196071810513	7.13270037185	911539627.058
0.219301142283	7.02486159624	39218910106.7
0.202195968841	6.50339226598	259037957.315
0.194096989565	6.87596951442	254935000.255
0.216194693813	6.9621875005	21196970323.2
0.209818320596	6.79703716749	4221975463.14
0.21107044359	7.1826903786	18556022430.1
0.204640343132	6.29562535967	267394688.713
0.176588799318	7.46551682337	466428461.451
0.211254806051	6.39360572309	871333520.335
0.200724645453	6.97670473438	1354407785.03
0.220371754386	6.70507153937	18014391486.5
0.193374138132	7.3631883157	1273549721.85
0.221336512869	7.17840568338	75169103871.5
0.224655669526	7.00475936564	75071399855.3
0.176108209988	6.60730381585	1473028336.14
0.199811091043	6.85295831871	614287738.076
0.202678794592	6.61676970199	384812775.099
0.184232027384	7.13965010006	363285037.101
0.201903990687	6.50565760624	256286954.017
0.211539259651	6.67861976754	3657974244.85
0.175388143333	6.3299227812	1783932815.63
0.199080181515	7.16881583177	2091978988.51
0.175527851299	6.65914114722	1448094074.77
0.207151513293	7.20974335228	10851639963.1
0.20397815614	7.31282593002	8731505088.68
0.193346683413	6.25586914245	903501627.899
0.185835677783	7.00886393945	401921472.664
0.196807689847	6.25157413996	690007754.151
0.204522998927	7.29459460571	9059301717.76
0.179775199049	6.3561194545	1556104050.33
0.209198578734	6.66703083123	2180538636.73
0.195528452685	6.88813214924	293768879.038
0.222065296059	6.81703857092	32259650786.4
0.179496510764	6.48230121833	1430044771.74
0.210558203536	6.90274778898	7084673411.15
0.196609861693	7.16545319043	1190992629.84
0.178014239282	7.0611972499	820187158.251
0.215623842208	6.85084188791	13865939921
0.179424810199	7.2759139376	487460381.908
0.183923941629	6.76936903076	797450624.03
0.220686203283	7.37599693347	108304801972
0.218703327509	6.414506979	4667828715.7
0.183009913438	7.17178482711	393670391.97
0.18422453401	6.8325418504	696742088.559
0.204789591568	7.31108463456	9941469342.22
0.181531794457	7.07381904823	577391528.739
0.213395524996	6.47538886603	2176091280.95
0.179123504662	7.26086625002	520606037.418
0.22077092186	6.75571027038	22379193015.7
0.18540533767	7.35958319404	257820420.272
0.201954870043	7.48708916139	10340734798.3
0.221802608445	7.13170058179	71347952309
0.20052348344	6.40934971407	305562532.746
0.187534559137	6.29188596877	1210910037.75
0.21783359607	7.48410233586	96231743525.5
0.218978277355	7.03356420344	38404975028.2
0.185399682304	6.95465970567	479812660.246
0.185526998418	6.39919468075	1187315399.14
0.182187689384	6.58732065088	1146277705.23
0.193138669571	7.26569958324	804875946.883
0.217080698574	7.19229124308	44662169815.8
0.184391003968	6.90965573136	591122411.883
0.17562674845	6.53644618065	1572380419.51
0.221366554966	7.4806832021	146140872976
0.20866835428	6.49473957954	814197805.251
0.221886342609	7.4912107676	158584841334
0.181094761206	7.17864849209	489839664.945
0.191525863117	6.99573670484	253248570.111
0.188192418234	7.1491153715	252845409.054
0.216106042156	7.16941720543	36928024589.3
0.188896616049	6.50307898096	833106099.619
0.177348494205	6.50518599661	1517844337.8
0.219978640995	6.42157833133	6040086042.15
0.190789448005	7.25515909549	440998422.458
0.189270230255	6.30457827736	1088824979.08
0.219807391395	6.96756003397	36041113451.7
0.192314265391	6.49986838956	620003486.751
0.210092021212	7.3511905366	25184859776.4
0.184264694547	6.69535067004	872245393.646
0.211496060198	7.10918879838	16030099142.4
0.201436150774	6.96931050674	1537970527.51
0.200236819323	7.28724743708	4062186922.89
0.183246346528	7.12208370377	427407442.543
0.189737835346	6.45445210434	846975007.795
0.224265272267	6.82959227679	45180161109.9
0.196844778031	6.62562944017	275400132.709
0.212222983952	7.0529782148	15209014404.9
0.218477225556	7.44605583002	96062449836.7
0.198731052553	7.34219999857	3667192293.57
0.221721466549	6.98239073959	48552876350.6
0.212694087959	6.53178112503	2444186192.51
0.198812169629	6.60337233894	254028566.076
0.216287750974	7.28670977242	50618706147.6
0.205183566422	7.18531018149	7130138208.1
0.200354921403	7.28355973407	4102354659.07
0.188038667362	7.04939523038	284402909.629
0.218698820875	6.70079852307	13763483559
0.187378394086	6.91985294382	409611201.989
0.210544793569	6.62863892127	2429531917.34
0.195527792021	7.43023416635	2619926788.06
0.186611136702	6.52145479783	955077944.943
0.223750793301	6.6265769275	23081704263
0.199060806139	7.05697798887	1315690764.94
0.178508367027	7.16189203159	668220096.254
0.185075470304	6.69878849991	815060140.023
0.223532315118	7.00112173941	64512789498.9
0.202216625862	6.42080979849	259894816.948
0.198520959572	6.65962730678	255398669.123
0.220193091297	6.84601359975	26959654738.4
0.221424078427	7.3283954315	106840396308
0.191544445279	6.41785927492	782915001.265
0.222314445916	7.32961990734	119260876789
0.209531608244	7.0243879315	8919843235.52
0.18153396846	7.31403341048	346383054.481
0.221261005468	7.45119915824	135908101161
0.22167465019	7.05075605056	57496542247.9
0.19655635623	6.9527143644	456429203.512
0.201833667437	7.48303312197	10020684167.1
0.178084511875	6.76455760929	1178409959.57
0.220215497107	6.32759255859	4237804855.3
0.203968707555	6.27755601843	293673632.084
0.18049916586	7.23587246533	466202280.419
0.218539191347	7.0871044125	41623030265.2
0.201579541173	7.19752676902	3855450140.01
0.175272002288	7.13320923088	915815884.71
0.224574431824	7.46005464009	202699161922
0.201320894468	7.28842967173	4994040875.97
0.194936076581	7.47666995662	2728407209.52
0.187408838667	7.47001751312	477223100.998
0.189598734898	7.33239090696	457630303.674
0.220377779729	7.30525914684	89269400192.6
0.222475410933	6.626061833	19115749834
0.201766571136	6.89240932055	1177563824.2
0.219718193029	6.86418637523	26560860355.7
0.17704254122	7.11870972682	815594993.679
0.180006396315	6.73101093192	1100172901.8
0.194833772994	7.04152983749	454049263.114
0.213287104554	6.71513919701	5823332413.48
0.20781064779	6.75020512634	2350232966.87
0.209165645979	7.2801217285	18206155632
0.181371972785	7.3332122899	339280696.492
0.187632200278	6.66306846778	696784911.795
0.221976523002	7.29032518203	105089054025
0.2012305744	6.53715431124	256390110.35
0.210881217674	6.33793247572	590568947.21
0.214980776702	6.68357931464	6964769339.44
0.202969470409	6.86274102778	1354624726.39
0.208125270575	7.24577176209	14106768112.7
0.217753610121	6.45301279192	4613327834.41
0.190052384082	6.85754984648	342275633.2
0.197717909464	7.3208648893	2782424546.05
0.188792503392	6.88039626869	378037723.679
0.219154555556	7.36135005818	86885880652.1
0.216183619729	7.15215513633	35700015878.1
0.177028979805	6.76499807773	1242069303.74
0.206938948771	6.657135738	1264079622.69
0.180342257371	7.0983449134	623767875.771
0.218584104631	6.88881917354	24250055851
0.221595069834	7.01515966429	51980047569.9
0.196585569262	6.84354780574	300943299.34
0.175862534646	7.45319710693	520627711.472
0.178107777867	6.28694697929	1705951711.52
0.203026036881	6.88752155507	1532143578.63
0.175347302386	6.46789751236	1655106243.29
0.219047836607	6.81846353802	21055797292
0.221733637738	7.48376659186	153490913491
0.178984387295	6.52585885318	1407958984.43
0.189085320091	6.92994766019	324540973.719
0.212768447069	7.3512836985	36772295682.8
0.216497783482	6.46801232868	3892252513.71
0.200077365045	6.70639029998	336519240.111
0.224045491686	6.39326491908	10682453983.1
0.21439255371	7.36171580312	47028019673.1
0.214601175288	6.57275108576	4233495190.31
0.223199137971	7.3195978797	129688433164
0.18004695613	6.96407345275	804715217.413
0.219984459381	7.28795043028	81753792890.8
0.188856892689	6.58015289453	729299526.79
0.196266868436	6.37939319656	542988379.283
0.196395581246	6.86431517292	311091940.1
0.202517248804	6.37390508917	273250204.873
0.195109852649	6.95142010882	338790885.703
0.22450897875	6.82191464292	45695141842.2
0.211343487219	6.56937815228	2195721644.36
0.190281268625	6.30834553424	1020417163.56
0.194862373274	7.03984376524	453722447.167
0.202687563711	6.47663312012	257822249.925
0.185500618884	7.01787604519	410288730.486
0.214722819304	7.49726669594	66920125097.4
0.176862720407	6.25464926801	1791123556.57
0.195971591349	6.55859480085	352697991.608
0.187395765779	6.75958601263	587830960.46
0.210597591463	6.5716547673	1895127941.07
0.223440979846	7.2301420669	109813841850
0.196061198363	6.98599018723	471622833.174
0.190446055389	6.52367514531	704773463.948
0.18182608318	6.78272334253	917257225.111
0.210388303664	6.91419712492	7155642591.56
0.21762328456	6.81741811368	16971833624.8
0.220419406873	7.41736054389	114532576654
0.222322665102	6.58797611351	16490122140.2
0.204742582623	6.89924019384	2330264620.98
0.198293507782	7.27708690831	2670781385.85
0.182631469461	7.0725693021	512356027.171
0.180769781467	6.52397350623	1309746364.56
0.222049864729	7.28009560255	103658021917
0.20175666457	7.49107217613	10119471820.4
0.215626992569	7.36399087653	55671808549.5
0.217959904457	6.64945934212	10135986948
0.200882280422	7.25806043261	4158087364.57
0.20460468451	6.69211714345	874732600.142
0.185445284975	6.776748554	689215514.41
0.190114882901	6.5793256695	650574142.125
0.224675207529	7.11041941117	97035647856.1
0.199974975333	6.37513386449	356004513.433
0.185964885223	7.48451328879	366642368.547
0.213887092617	6.45080112442	2146019331.25
0.187706657196	6.96100865368	356590283.569
0.188443597538	6.89090622509	384820595.029
0.220199529224	6.51867459723	9127796256.83
0.223272984904	6.43878437553	11175338189.8
0.18885029316	6.25313042151	1185337877.94
0.203531999217	7.41260397703	10864570635.9
0.224345291764	7.27541628041	135094084702
0.175880006527	6.67908009181	1406711401.69
0.17768467218	6.58440772385	1412787269.23
0.21988540534	7.05935612878	46430941471.6
0.217746838428	6.42294134879	4055223854.39
0.196369408944	7.17176021689	1156876668.18
0.185619743032	6.30122509246	1309551915.9
0.20378952824	6.47267713281	278675588.218
0.183725597373	6.92640337198	612556295.952
0.205868459681	6.96546801493	3785884273.48
0.179270600461	6.98344584526	832068483.606
0.18828506928	6.43047673604	974016448.856
0.22176008044	6.54713247945	12975979120.7
0.21982481994	6.43482168425	6203475597.47
0.19165419626	7.49068326285	1411828671.77
0.201062009376	7.22231095946	3806630249.73
0.180150364511	6.95192362983	812963616.063
0.192615848515	7.3069169257	845340391.325
0.187261456447	6.72572043785	638986973.642
0.208148382639	7.34654813864	18674648190.5
0.2199351841	6.85544614339	26709373101.7
0.204871469365	7.46990868409	15708358211.5
0.212254685893	6.74671962146	5448050545.42
0.177180711192	7.34098404826	554827481.303
0.217541939186	6.68834859922	10836881704.5
0.196324020629	7.42349804713	3011327171.24
0.202621043734	7.34278545031	7472834744.91
0.191312175333	7.26831942932	523706484.41
0.202828724843	6.564320082	321623296.337
0.203870339949	6.82073517066	1371342303.85
0.206840275311	7.13730392713	8135401944.95
0.215486043328	6.25232217214	1071480481.76
0.223626850961	6.86764209349	46047029243
0.221563681258	7.07490516271	60213526020.8
0.217586561857	7.36042545245	71153335865.1
0.21734621072	7.17640402564	44481085360.1
0.212003418258	6.35729983541	852425409.026
0.211559890194	6.46467025407	1382125824.02
0.219748579783	6.70503008505	16397710701.7
0.222924218639	6.66431275658	23059759772.1
0.207311272043	6.76614117652	2269532844.43
0.212879217975	6.67064268478	4558211062.35
0.179701641238	6.7075173704	1148509674.17
0.17728363482	6.84588230766	1130164926.45
0.203675712973	7.1134241057	4270836812.27
0.206602947368	7.14704196091	8058584661.92
0.195056690354	6.77820402306	254403426.531
0.201862459626	6.37249026384	290420200.503
0.179028253836	6.73106228358	1161101375.69
0.181577017291	6.60957822302	1155483751.67
0.223088229047	6.55387447984	16512256599.2
0.18077558165	7.09022519598	605741621.236
0.211774289693	7.30370996589	28402942314.8
0.215415123432	6.82670571826	12423801560
0.215475245778	7.20502595153	37080757393.1
0.182794089135	6.96882623141	620473635.761
0.181647293855	7.0296074124	621056682.168
0.219942169969	6.46086107757	7017311459.64
0.184918373604	7.04812861992	411190840.847
0.19854712863	7.18871951922	2018158215.13
0.209095352704	6.95806296711	6647325185.24
0.192339814614	7.2497668764	620729228.894
0.205810125834	7.41945525596	15883211490.2
0.187981561232	7.26136319875	276299082.232
0.216361063431	6.86847341176	16415709320.1
0.189963536201	6.53809675864	715814878.747
0.188404990248	7.30674998898	328681041.924
0.193706182585	7.24781100767	854056337.965
0.215937863391	7.05338818596	26491785478.8
0.214707824003	6.90687337283	14338898015.7
0.20214930702	6.85556907272	1085539412.89
0.22145325192	6.92636765814	40339421733.7
0.188392915583	6.62218267473	702398631.592
0.178915182356	6.8187795381	1059652100.24
0.224234583908	6.64607782369	26288751235
0.186138467079	7.438561332	328383529.406
0.218100186399	6.44837006809	4822309456.55
0.220541591676	7.00449728055	43944058883.5
0.216403027586	7.24204330229	46125369483.9
0.181410358635	6.4627199865	1346947601
0.184058557058	7.20295285502	323121259.931
0.176210920293	6.67431990536	1393459588.83
0.208777981778	6.7119444823	2432630834.26
0.199469721111	6.31235085141	450047309.888
0.180832806151	7.26250170398	422796313.622
0.200958277829	7.48185850649	8628820625.22
0.175364161076	7.26105840812	760414898.664
0.198357125112	7.49731443421	5631949196.82
0.212451100272	7.04321299221	15304137662.1
0.182682804126	7.4534713042	253021801.943
0.180817218508	7.22395372129	460161555.809
0.219796532489	6.80350150978	22451376812
0.209904999738	6.39175449748	629512636.758
0.17942534086	6.70578277516	1167608635.76
0.210343543528	6.63961588009	2446933931.26
0.182325561307	7.0089952367	602495100.819
0.186545081052	7.01134431488	365819441.313
0.197035626588	6.80920239792	291324238.065
0.216193944937	7.20637929306	41042747071.8
0.210063865687	6.80615930754	4576985560.76
0.185009408269	7.31383717562	253289503.181
0.196401692793	6.5329311594	358161398.834
0.18730775733	6.87026209781	464208788.974
0.220114152553	6.63110180626	13396520627.1
0.197998563765	7.18232647486	1746258770.25
0.213757447991	6.8325390148	9560190850
0.191029851416	6.65987714131	493509537.579
0.183549092541	7.34963085283	264336692.111
0.196489819196	6.27312128004	678294456.844
0.186151193279	6.90654738765	489634992.954
0.195064163435	6.41136869972	571468350.268
0.198033367403	7.03532899601	941644635.18
0.193594946363	6.80227816479	266847976.933
0.199266944716	6.61012992699	253650616.967
0.181069401278	6.63517485098	1154391696.84
0.180418316897	7.27211092267	435888568.499
0.200672017229	7.41348597684	6596787986.91
0.199578879613	6.35385001294	396117673.594
0.200005361302	7.0226626069	1405619290.12
0.224687600164	6.34216951291	9753302402.18
0.220407783381	6.26086030516	3243135392.74
0.217059775987	7.14024204079	39041298395
0.203072999004	6.48309476421	266384462.356
0.197685374251	6.5325030448	308743673.595
0.202699597766	6.6405575788	429250276.532
0.186710891863	6.38874986867	1129891236.13
0.180229834899	6.72796434391	1089922926.71
0.187935013801	6.45834496476	957494745.148
0.217321166966	6.47342469965	4640958062.85
0.176953775456	6.47377509832	1571261096.24
0.197227880566	6.62383781277	268073875.917
0.182945844279	7.3745120406	267659410.442
0.1763882572	7.41980152536	522305830.57
0.221248942012	7.14111788839	68017229609.3
0.185583866872	6.85295579804	585383806.061
0.217833134813	6.79687009857	16428999485
0.209329358168	7.45060198286	28959671926.3
0.179823972225	6.30025252965	1613849069.33
0.189130467055	7.05187709373	260437365.691
0.208738916164	7.41745468683	24491385964.9
0.209823451399	6.31403826049	412957539.956
0.200159224722	7.47556152205	7258552866.71
0.202588166774	6.78558199053	858638257.756
0.202378459611	6.9482499356	1729580778.07
0.212584147658	6.79174414959	6812572002.65
0.222235375513	7.00577011151	55183118824.5
0.218475347847	6.46414785363	5502698358.65
0.187475194018	7.24140609468	257916048.917
0.18481683376	7.28663196632	261413607.221
0.194687250955	6.39060539682	622991773.792
0.214457515627	6.31229267759	1175412455.35
0.213397228981	6.44647235965	1884917813.94
0.210668790527	7.21944032688	19341583306.1
0.217528428418	6.66062368533	9826087051.16
0.205206310537	7.17907246921	7018732452.02
0.175071276949	6.89165318992	1213006498.31
0.194757307656	6.44061802163	550870672.859
0.181193935424	6.72887454723	1027288021.29
0.194663451423	7.41805019677	2092019022.56
0.222129010436	6.60953420087	17200823723.7
0.211954627517	6.74893441589	5207539931.5
0.176260871473	6.33900752872	1737605032.66
0.197195874017	6.70392338239	253197547.439
0.191052708576	6.84603981946	312629273.31
0.180902390777	7.1007932634	585848413.947
0.211479372727	7.48999540177	42878896965.8
0.196633231151	6.81477211367	281197432.384
0.196373927927	7.08011103597	775899932.16
0.219201519455	6.92546248711	29416342163.5
0.224761802196	7.10736763305	97370821514.2
0.182919495428	7.36766813386	270600337.6
0.177531155425	6.6480574177	1348764118.69
0.197171226197	7.49321327425	4469179918.31
0.197690850271	7.37730288592	3370188974.67
0.210335988509	7.18381180488	16658464158.3
0.197734961136	6.37734988338	462795539.083
0.197763235732	6.40127213012	432556060.378
0.188614121869	6.77126028557	501339644.598
0.216790692733	7.09155034392	33122499475.6
0.198672923557	6.39617817585	393210954.341
0.200284635022	6.87968362687	779435549.358
0.217092535488	6.46057439956	4217053884.15
0.223044905991	6.6097441035	19724360144.4
0.19560546495	6.88816347696	296884097.258
0.211542483987	6.48244366009	1505416967.06
0.188861074699	6.99106784282	292231782.667
0.198990794698	7.24515630644	2739987042.08
